0.3370 2.5344 1.0000
-2.3945 -0.7718 1.0000
-0.8324 -0.0026 1.0000
2.0304 1.1710 1.0000
1.4574 -2.3651 1.0000
-1.4855 -0.0809 1.0000
-1.6041 1.6003 1.0000
0.5954 -2.1718 1.0000
0.4593 -0.6333 1.0000
0.7069 -0.6748 1.0000
-2.2556 -0.7105 1.0000
-0.7523 1.3447 1.0000
-1.0999 -0.2375 1.0000
1.5892 0.3023 1.0000
-1.1588 1.2657 1.0000
-1.4973 0.3573 1.0000
0.0728 -0.9463 1.0000
-0.3418 -0.7598 1.0000
-1.2185 0.5639 1.0000
-0.3359 0.3019 1.0000
-0.1864 -0.5632 1.0000
0.7301 -0.3112 1.0000
-2.0608 0.0132 1.0000
-1.2745 -0.3544 1.0000
-0.5408 -1.0658 1.0000
-0.3195 0.5456 1.0000
0.4474 -1.1702 1.0000
0.6479 0.3256 1.0000
1.7101 0.0209 1.0000
0.2735 -0.6380 1.0000
-1.0895 0.5828 1.0000
0.3134 1.9953 1.0000
-1.6091 -1.0115 1.0000
0.3756 1.3730 1.0000
1.4387 0.3844 1.0000
-1.2415 0.9436 1.0000
-1.6571 0.2106 1.0000
-0.0114 -1.6000 1.0000
1.0689 1.4420 1.0000
-0.6704 0.1393 1.0000
0.6348 -0.9851 1.0000
0.0465 0.2334 1.0000
-1.3596 0.4398 1.0000
0.8687 1.2905 1.0000
0.3983 1.2386 1.0000
-1.3150 1.4829 1.0000
0.4061 1.2742 1.0000
-0.4809 0.0209 1.0000
0.3774 -0.1950 1.0000
-1.3748 -0.7205 1.0000
0.7553 0.0134 1.0000
-1.0246 0.1973 1.0000
-0.1831 -0.6348 1.0000
0.3189 -0.3561 1.0000
0.1769 -1.2726 1.0000
0.0677 0.7953 1.0000
1.2393 -0.1190 1.0000
-1.3005 2.1939 1.0000
0.3314 -0.7276 1.0000
0.2815 -1.5621 1.0000
-2.0732 0.0669 1.0000
-0.0517 -0.2707 1.0000
-1.8392 -0.1515 1.0000
0.6849 -0.7112 1.0000
0.1811 1.5384 1.0000
-0.3983 1.0462 1.0000
0.7657 0.6620 1.0000
0.1349 -0.9594 1.0000
1.7621 1.1451 1.0000
1.2901 0.3797 1.0000
-3.4742 0.1789 1.0000
-1.1757 2.3690 1.0000
-0.2701 0.9670 1.0000
1.4259 0.0094 1.0000
-2.9863 -0.3837 1.0000
0.8724 -0.5323 1.0000
0.9502 -0.4150 1.0000
0.9852 1.2257 1.0000
0.3914 -0.4084 1.0000
0.1299 0.4405 1.0000
1.9743 0.0211 1.0000
-2.7102 -0.1729 1.0000
-0.1242 0.0273 1.0000
-0.7773 -0.0228 1.0000
-0.2347 -1.0211 1.0000
1.2072 0.9544 1.0000
-0.4429 1.5612 1.0000
-1.1591 -1.0012 1.0000
0.6564 0.8596 1.0000
-0.5578 -1.1456 1.0000
0.9593 -1.1590 1.0000
0.1844 0.2252 1.0000
1.2121 1.1184 1.0000
0.4765 -1.4914 1.0000
-1.9830 1.4225 1.0000
-1.2905 0.1047 1.0000
-0.0533 -1.2849 1.0000
-0.9752 -1.8979 1.0000
-0.4646 1.4704 1.0000
0.7833 0.0505 1.0000
-0.7463 2.7613 1.0000
-0.8430 0.8380 1.0000
1.1904 -1.9509 1.0000
1.5543 -0.7754 1.0000
0.7162 -0.5023 1.0000
-0.2652 0.4772 1.0000
-0.4071 0.8829 1.0000
-0.4488 -0.0360 1.0000
1.0081 0.8460 1.0000
-1.5269 -1.6486 1.0000
-1.1488 -0.1661 1.0000
-0.8948 0.6190 1.0000
-0.8415 -0.3209 1.0000
1.0725 -0.6229 1.0000
-0.4899 0.2052 1.0000
1.6298 0.9332 1.0000
-0.0290 -0.6487 1.0000
-1.3936 0.7986 1.0000
-0.5930 1.2209 1.0000
-1.0375 -0.1925 1.0000
-0.1903 -1.7928 1.0000
0.2152 -0.3238 1.0000
-1.8805 -1.4332 1.0000
1.3461 0.6023 1.0000
-0.3593 0.4400 1.0000
1.3193 -0.1877 1.0000
0.7277 -0.2227 1.0000
-1.0173 0.1896 1.0000
-1.0297 1.2602 1.0000
-0.5398 -0.5837 1.0000
-0.2171 -0.8867 1.0000
0.7650 -0.1760 1.0000
0.6474 -1.0173 1.0000
0.0573 -1.3333 1.0000
-0.8393 -2.6971 1.0000
0.8690 0.0941 1.0000
0.7249 0.1170 1.0000
-0.5252 -1.5223 1.0000
-0.8667 1.0773 1.0000
-2.5176 1.3793 1.0000
1.9516 1.7794 1.0000
1.0949 0.0948 1.0000
0.2682 0.5825 1.0000
0.1585 -1.8995 1.0000
-0.1808 -1.0810 1.0000
0.1977 1.0736 1.0000
-1.6729 -1.1900 1.0000
-0.9579 -0.4320 1.0000
0.0537 -0.7534 1.0000
-0.2965 -1.5963 1.0000
0.6915 -0.4388 1.0000
1.9103 0.6525 1.0000
0.8403 0.6576 1.0000
0.8136 0.3070 1.0000
-0.6150 -0.0087 1.0000
-1.1877 2.2862 1.0000
0.3455 -0.6081 1.0000
-1.0965 0.5845 1.0000
0.6230 2.0779 1.0000
-3.2563 0.5849 1.0000
1.3777 0.6698 1.0000
0.7366 -0.4213 1.0000
1.3484 0.0172 1.0000
-0.5460 1.9048 1.0000
-0.6982 -0.4231 1.0000
0.1863 -0.5513 1.0000
1.2099 -0.3831 1.0000
1.1960 -0.2921 1.0000
0.7074 -0.7611 1.0000
0.4967 -0.4972 1.0000
1.0107 0.5309 1.0000
-1.0014 0.5304 1.0000
-1.9561 -0.0268 1.0000
-1.4609 0.2888 1.0000
-0.3580 -0.0769 1.0000
0.4247 -0.1141 1.0000
0.1375 0.0711 1.0000
-0.2993 -0.3235 1.0000
-1.3895 0.0037 1.0000
-0.5653 1.8494 1.0000
0.8098 0.9246 1.0000
0.4264 -1.0676 1.0000
1.6924 -0.0103 1.0000
0.9574 0.0544 1.0000
-0.4694 -0.5587 1.0000
-0.2977 1.4406 1.0000
-0.8745 -0.2288 1.0000
-0.0421 1.7328 1.0000
0.2671 0.1364 1.0000
-1.2487 0.5531 1.0000
0.2406 0.5505 1.0000
0.8419 -1.3496 1.0000
0.3149 0.1410 1.0000
1.6550 0.0225 1.0000
0.6506 -0.3776 1.0000
0.4496 -0.1717 1.0000
-0.8698 0.2668 1.0000
1.5962 0.4680 1.0000
-0.4968 0.1117 1.0000
-0.9428 0.4313 1.0000
6.0374 0.6188 2.0000
6.9728 -2.6650 2.0000
6.7473 1.5983 2.0000
8.8385 -3.0532 2.0000
6.3552 -1.4077 2.0000
3.9241 0.7114 2.0000
9.9118 2.0103 2.0000
8.2723 1.3828 2.0000
9.7458 0.8413 2.0000
4.5842 2.6962 2.0000
3.6114 -0.1376 2.0000
7.7611 -2.3992 2.0000
9.1244 2.6658 2.0000
4.6163 2.9531 2.0000
9.1498 2.3665 2.0000
10.8803 -0.3614 2.0000
5.2698 1.2147 2.0000
5.3929 0.9609 2.0000
8.7180 -0.4878 2.0000
7.5149 1.5399 2.0000
4.1288 -0.6046 2.0000
6.1804 1.2509 2.0000
6.4578 0.8413 2.0000
6.3570 -1.0828 2.0000
7.1576 0.7649 2.0000
6.5657 1.7133 2.0000
8.3455 2.4055 2.0000
7.0406 1.0364 2.0000
5.1768 0.1732 2.0000
6.1778 0.7252 2.0000
8.5153 1.1373 2.0000
9.3534 -1.3968 2.0000
5.5769 -3.0857 2.0000
7.4376 -1.4051 2.0000
8.2913 0.2757 2.0000
3.6876 -1.1006 2.0000
8.0043 0.4051 2.0000
10.0673 2.7384 2.0000
7.8348 -4.2864 2.0000
8.3314 -3.1658 2.0000
7.2754 2.6207 2.0000
4.7789 -0.4129 2.0000
5.8385 -4.1839 2.0000
7.2286 0.8940 2.0000
8.7828 0.1982 2.0000
7.1414 -1.4276 2.0000
7.9276 -6.5923 2.0000
5.0397 2.8185 2.0000
5.0753 1.3145 2.0000
4.8717 -0.4816 2.0000
7.6573 -0.7661 2.0000
5.0944 -2.8271 2.0000
5.7822 -0.4564 2.0000
5.8210 2.5492 2.0000
6.6801 1.1602 2.0000
10.4857 1.4514 2.0000
4.7066 0.0072 2.0000
6.6236 -0.4991 2.0000
8.2716 -0.9307 2.0000
10.0998 2.1489 2.0000
10.8040 2.6392 2.0000
10.4300 -0.8308 2.0000
10.7684 -0.0481 2.0000
3.7741 0.2877 2.0000
7.4514 1.7517 2.0000
5.8435 0.9073 2.0000
7.0767 -1.9989 2.0000
8.2102 2.0787 2.0000
10.0115 -2.1162 2.0000
5.9094 -2.0674 2.0000
9.3311 0.2177 2.0000
7.0437 2.3778 2.0000
5.0118 -2.5698 2.0000
10.0408 -0.8659 2.0000
8.8994 1.1439 2.0000
6.9378 2.8980 2.0000
2.5852 -3.0528 2.0000
5.7942 -3.3581 2.0000
5.8881 -0.8128 2.0000
8.7043 -2.8388 2.0000
9.1435 0.7403 2.0000
6.6828 1.3349 2.0000
7.9788 2.0567 2.0000
9.2242 0.9025 2.0000
6.6231 -2.6822 2.0000
6.5210 2.8009 2.0000
8.1330 -1.5826 2.0000
6.7136 1.8814 2.0000
10.3700 -3.3123 2.0000
9.8818 -1.6423 2.0000
7.9377 -2.2926 2.0000
10.3663 1.6926 2.0000
8.9236 0.0010 2.0000
4.8445 1.6385 2.0000
5.5068 0.2638 2.0000
7.0758 -0.3972 2.0000
9.7080 2.9590 2.0000
4.1949 0.2994 2.0000
8.6279 -0.7900 2.0000
8.7442 -1.0943 2.0000
6.0915 -0.2666 2.0000
7.5514 1.0702 2.0000
7.6841 6.9100 2.0000
6.2266 -0.0883 2.0000
9.2755 1.3222 2.0000
8.7355 5.6608 2.0000
7.7459 1.9724 2.0000
7.9503 0.6680 2.0000
6.9379 1.7943 2.0000
7.1722 -3.5949 2.0000
9.0509 5.8491 2.0000
6.2096 0.1292 2.0000
5.6344 -3.6098 2.0000
6.5916 0.0656 2.0000
5.0441 -4.3933 2.0000
9.0713 2.3299 2.0000
6.1182 0.6165 2.0000
8.9434 1.1879 2.0000
9.0585 -1.0820 2.0000
7.4489 -0.3073 2.0000
3.4074 -0.9011 2.0000
8.0788 -0.8290 2.0000
5.9741 -1.7883 2.0000
5.7108 -4.1131 2.0000
8.5088 -2.4798 2.0000
6.4242 0.6125 2.0000
6.2461 0.2566 2.0000
5.2775 1.3188 2.0000
3.4799 -1.4080 2.0000
5.4204 -4.5719 2.0000
3.8116 0.7554 2.0000
9.2350 -0.3502 2.0000
5.6868 3.1044 2.0000
7.3741 3.4881 2.0000
4.9610 -1.9632 2.0000
6.1017 3.9854 2.0000
2.9599 -0.5356 2.0000
8.6020 0.7047 2.0000
4.6251 -0.5641 2.0000
5.3417 -2.2008 2.0000
5.2236 -2.7073 2.0000
6.4645 -2.6020 2.0000
6.1045 -4.8157 2.0000
6.5610 0.8259 2.0000
8.4319 2.7583 2.0000
6.0037 -1.4622 2.0000
4.7851 2.1405 2.0000
4.0254 1.1383 2.0000
7.3781 -3.4790 2.0000
10.6890 -1.8282 2.0000
7.3794 3.6092 2.0000
5.4394 0.1803 2.0000
5.6173 -3.9328 2.0000
9.6399 -0.0154 2.0000
3.5457 2.6798 2.0000
5.9483 1.5738 2.0000
5.0463 -0.9108 2.0000
7.9082 -0.3648 2.0000
7.9794 -4.0155 2.0000
6.3072 -0.0992 2.0000
8.2011 1.7023 2.0000
6.3176 -0.7415 2.0000
5.4009 0.8142 2.0000
5.4051 1.7963 2.0000
7.3383 0.0710 2.0000
9.0998 3.9973 2.0000
7.3684 4.2009 2.0000
3.9778 -0.9446 2.0000
7.0089 -0.2984 2.0000
9.6047 -0.2246 2.0000
4.9810 -1.4084 2.0000
5.0151 2.4717 2.0000
4.4383 -1.1761 2.0000
8.9484 -0.2373 2.0000
8.3317 3.8694 2.0000
2.3455 -0.3805 2.0000
5.0558 -1.4674 2.0000
6.5096 -2.6944 2.0000
8.1248 -0.2252 2.0000
8.3362 -1.6331 2.0000
8.1688 0.2801 2.0000
7.2513 -0.1718 2.0000
7.2327 -0.8163 2.0000
6.6253 0.4241 2.0000
7.0827 0.9872 2.0000
7.0160 -0.0790 2.0000
4.8514 0.6673 2.0000
10.7800 2.1001 2.0000
9.7803 0.2699 2.0000
5.5040 -2.9448 2.0000
5.4921 0.5827 2.0000
8.7853 -1.5859 2.0000
6.6694 1.6604 2.0000
4.1670 3.2580 2.0000
8.6627 -0.1635 2.0000
8.2010 -0.9329 2.0000
8.7771 -2.6634 2.0000
7.4235 -2.7539 2.0000
11.0260 4.2282 2.0000
8.4024 -0.0906 2.0000
