1.1058 0.0240 0.0000
1.0587 0.1423 0.0000
1.1119 -0.0429 0.0000
1.0567 0.0145 0.0000
0.9933 0.0561 0.0000
1.0079 0.1266 0.0000
1.0445 0.0545 0.0000
1.0251 0.0751 0.0000
1.0877 0.0506 0.0000
1.0163 0.0196 0.0000
0.8437 0.1179 0.0000
1.0481 0.0420 0.0000
1.1317 0.0071 0.0000
0.9975 0.0909 0.0000
1.0859 0.1982 0.0000
1.0023 0.1405 0.0000
0.9388 0.0068 0.0000
0.9702 0.1428 0.0000
1.0638 0.2134 0.0000
0.9656 0.1309 0.0000
0.9247 0.0716 0.0000
0.8840 0.2816 0.0000
0.9545 0.1461 0.0000
0.9085 0.2268 0.0000
0.8854 0.1751 0.0000
0.9270 0.2188 0.0000
0.9485 0.1325 0.0000
0.9758 0.2367 0.0000
0.9798 0.2368 0.0000
0.9360 0.2046 0.0000
0.9319 0.2124 0.0000
0.9216 0.1381 0.0000
0.9791 0.2252 0.0000
0.8686 0.2847 0.0000
0.9099 0.2676 0.0000
1.0060 0.2798 0.0000
1.0285 0.2056 0.0000
0.9820 0.2461 0.0000
0.9033 0.2600 0.0000
0.9345 0.3056 0.0000
0.8809 0.3638 0.0000
0.9763 0.2251 0.0000
1.0351 0.4385 0.0000
1.0140 0.3213 0.0000
0.8763 0.4028 0.0000
0.9137 0.4203 0.0000
0.9476 0.4129 0.0000
0.9537 0.4041 0.0000
0.9301 0.4762 0.0000
0.9341 0.4004 0.0000
1.0365 0.3027 0.0000
0.8442 0.4490 0.0000
0.8470 0.5147 0.0000
0.8894 0.3605 0.0000
1.0263 0.5013 0.0000
1.0197 0.4740 0.0000
0.8527 0.5414 0.0000
0.8849 0.4820 0.0000
0.9544 0.4317 0.0000
0.9309 0.5033 0.0000
0.9131 0.3891 0.0000
0.9048 0.5416 0.0000
0.8415 0.4600 0.0000
0.8534 0.5869 0.0000
0.9160 0.5073 0.0000
0.8257 0.5221 0.0000
0.8275 0.4985 0.0000
0.8259 0.5440 0.0000
0.8947 0.4977 0.0000
0.8798 0.4514 0.0000
0.7624 0.5500 0.0000
0.8578 0.5685 0.0000
0.9866 0.5937 0.0000
0.7845 0.6107 0.0000
0.7561 0.5225 0.0000
0.8266 0.6596 0.0000
0.7816 0.5137 0.0000
0.8159 0.5300 0.0000
0.8849 0.5115 0.0000
0.7439 0.5564 0.0000
0.7782 0.7048 0.0000
0.8604 0.6007 0.0000
0.7252 0.6524 0.0000
0.7339 0.5153 0.0000
0.8604 0.6332 0.0000
0.8395 0.6395 0.0000
0.8308 0.5875 0.0000
0.7124 0.6736 0.0000
0.7212 0.5974 0.0000
0.7370 0.6458 0.0000
0.7380 0.5683 0.0000
0.7155 0.5233 0.0000
0.7864 0.5665 0.0000
0.6774 0.6717 0.0000
0.6940 0.7670 0.0000
0.6555 0.6962 0.0000
0.7253 0.6158 0.0000
0.7536 0.6813 0.0000
0.7631 0.7467 0.0000
0.8411 0.7831 0.0000
0.6836 0.6941 0.0000
0.7661 0.7533 0.0000
0.7329 0.6225 0.0000
0.6873 0.6807 0.0000
0.6998 0.7245 0.0000
0.7319 0.7548 0.0000
0.7186 0.7130 0.0000
0.6089 0.7217 0.0000
0.6587 0.7743 0.0000
0.7893 0.7542 0.0000
0.5904 0.7411 0.0000
0.6140 0.7958 0.0000
0.5433 0.7757 0.0000
0.6390 0.7908 0.0000
0.5877 0.7676 0.0000
0.5319 0.7571 0.0000
0.5785 0.8165 0.0000
0.5355 0.8432 0.0000
0.6882 0.6769 0.0000
0.6178 0.8464 0.0000
0.5476 0.7866 0.0000
0.5715 0.7971 0.0000
0.5545 0.7190 0.0000
0.6357 0.8888 0.0000
0.5113 0.7405 0.0000
0.5848 0.7983 0.0000
0.5555 0.8180 0.0000
0.5818 0.8831 0.0000
0.4902 0.7627 0.0000
0.4320 0.8865 0.0000
0.4490 0.8236 0.0000
0.4778 0.8549 0.0000
0.3906 0.8734 0.0000
0.5314 0.8713 0.0000
0.4745 0.8758 0.0000
0.5102 0.7074 0.0000
0.5968 0.9010 0.0000
0.4333 0.8579 0.0000
0.4952 0.8781 0.0000
0.3367 1.0125 0.0000
0.4449 0.9535 0.0000
0.4030 0.9880 0.0000
0.4546 0.9358 0.0000
0.3676 0.9753 0.0000
0.4646 0.9841 0.0000
0.3784 0.8805 0.0000
0.5471 0.8490 0.0000
0.3935 0.9840 0.0000
0.4003 0.9539 0.0000
0.3633 0.9442 0.0000
0.3016 1.0245 0.0000
0.3656 0.8872 0.0000
0.4053 0.9032 0.0000
0.2779 0.8529 0.0000
0.3923 0.9269 0.0000
0.3352 1.0039 0.0000
0.2682 0.8981 0.0000
0.3053 0.9502 0.0000
0.3184 0.9299 0.0000
0.3098 0.9431 0.0000
0.2628 0.9032 0.0000
0.3150 0.9010 0.0000
0.2215 0.9380 0.0000
0.2740 1.0944 0.0000
0.2336 1.0178 0.0000
0.3131 0.8920 0.0000
0.3071 0.8944 0.0000
0.0936 1.0038 0.0000
0.1401 0.9965 0.0000
0.1968 1.0709 0.0000
0.2943 0.9459 0.0000
0.1813 0.9021 0.0000
0.1884 0.9598 0.0000
0.1853 0.9877 0.0000
0.2341 1.0009 0.0000
0.1459 0.8952 0.0000
0.2658 0.9416 0.0000
0.1371 0.9531 0.0000
0.0579 0.9570 0.0000
0.1319 1.0242 0.0000
0.1948 0.9885 0.0000
0.2011 1.0098 0.0000
0.1364 1.0002 0.0000
0.1181 0.9679 0.0000
0.1057 0.9249 0.0000
0.1307 0.9339 0.0000
0.1566 0.9794 0.0000
0.1012 1.0248 0.0000
0.1290 0.9017 0.0000
0.0702 1.0494 0.0000
-0.0272 1.0204 0.0000
-0.0685 0.9364 0.0000
0.0613 0.8989 0.0000
-0.0080 0.9104 0.0000
0.1422 1.0089 0.0000
0.0695 0.9860 0.0000
0.0063 0.9026 0.0000
0.0022 0.9541 0.0000
0.0633 1.0684 0.0000
0.0919 1.0511 0.0000
-0.0399 0.9330 0.0000
0.0342 1.0213 0.0000
-0.1258 1.0211 0.0000
0.0213 1.0032 0.0000
-0.0465 0.9509 0.0000
-0.1301 1.0471 0.0000
-0.0697 0.9847 0.0000
0.0449 1.0393 0.0000
-0.0446 1.0063 0.0000
0.0165 1.1004 0.0000
-0.0268 1.0315 0.0000
-0.2161 1.0033 0.0000
-0.1061 1.0008 0.0000
-0.0495 0.8300 0.0000
-0.1481 1.0097 0.0000
-0.1497 0.9075 0.0000
-0.0774 1.0082 0.0000
-0.1956 1.0094 0.0000
-0.0959 0.9897 0.0000
-0.1049 0.9929 0.0000
-0.1844 0.9174 0.0000
-0.1736 0.9974 0.0000
-0.1237 0.9774 0.0000
-0.1565 0.9251 0.0000
-0.2387 0.9748 0.0000
-0.2627 1.0291 0.0000
-0.1794 0.9951 0.0000
-0.1945 1.0979 0.0000
-0.2507 0.8428 0.0000
-0.2182 0.9701 0.0000
-0.2689 0.9126 0.0000
-0.2718 0.9803 0.0000
-0.2833 1.1122 0.0000
-0.3184 0.9178 0.0000
-0.4056 0.9784 0.0000
-0.3969 0.9288 0.0000
-0.3000 0.9164 0.0000
-0.1867 1.0164 0.0000
-0.2194 0.9015 0.0000
-0.2383 0.9818 0.0000
-0.2672 1.0114 0.0000
-0.3755 0.9216 0.0000
-0.2767 0.7852 0.0000
-0.2450 0.9751 0.0000
-0.3460 0.9525 0.0000
-0.4124 0.9155 0.0000
-0.2920 1.0116 0.0000
-0.2036 0.9264 0.0000
-0.4122 0.8971 0.0000
-0.4410 0.9203 0.0000
-0.3643 0.9199 0.0000
-0.3287 0.9049 0.0000
-0.4225 0.8809 0.0000
-0.5069 0.8185 0.0000
-0.4868 0.9874 0.0000
-0.3695 0.9885 0.0000
-0.5103 0.7846 0.0000
-0.4770 0.9098 0.0000
-0.4146 0.9587 0.0000
-0.4345 0.9968 0.0000
-0.4719 0.8339 0.0000
-0.5664 0.8317 0.0000
-0.4580 0.8280 0.0000
-0.4232 0.9623 0.0000
-0.6285 0.9256 0.0000
-0.6275 0.8940 0.0000
-0.4265 0.8699 0.0000
-0.5836 0.8269 0.0000
-0.5293 0.8471 0.0000
-0.5325 0.8474 0.0000
-0.5142 0.7773 0.0000
-0.5482 0.9368 0.0000
-0.5634 0.8148 0.0000
-0.4823 0.6836 0.0000
-0.4826 0.7949 0.0000
-0.5502 0.8342 0.0000
-0.5100 0.8080 0.0000
-0.6137 0.8974 0.0000
-0.7213 0.8162 0.0000
-0.6667 0.7647 0.0000
-0.4716 0.8031 0.0000
-0.5869 0.6942 0.0000
-0.6486 0.8081 0.0000
-0.5898 0.8286 0.0000
-0.6168 0.8183 0.0000
-0.5963 0.6720 0.0000
-0.6274 0.8230 0.0000
-0.6003 0.7501 0.0000
-0.6901 0.6998 0.0000
-0.6557 0.8298 0.0000
-0.7709 0.7171 0.0000
-0.7281 0.7986 0.0000
-0.6989 0.7181 0.0000
-0.6845 0.7678 0.0000
-0.7008 0.5530 0.0000
-0.6505 0.7567 0.0000
-0.7020 0.6599 0.0000
-0.6734 0.7423 0.0000
-0.7283 0.7010 0.0000
-0.7615 0.6978 0.0000
-0.8043 0.7280 0.0000
-0.7734 0.7116 0.0000
-0.8066 0.6562 0.0000
-0.7343 0.5863 0.0000
-0.7261 0.6574 0.0000
-0.8429 0.5962 0.0000
-0.7074 0.7223 0.0000
-0.7568 0.6870 0.0000
-0.7407 0.6765 0.0000
-0.6821 0.5604 0.0000
-0.7238 0.6219 0.0000
-0.7829 0.6206 0.0000
-0.7969 0.5591 0.0000
-0.7684 0.7268 0.0000
-0.7876 0.6203 0.0000
-0.8304 0.6072 0.0000
-0.7660 0.5858 0.0000
-0.8259 0.6259 0.0000
-0.8585 0.6106 0.0000
-0.7589 0.6707 0.0000
-0.8181 0.6647 0.0000
-0.7552 0.5165 0.0000
-0.8949 0.5515 0.0000
-0.7645 0.5590 0.0000
-0.8667 0.6499 0.0000
-0.8178 0.4110 0.0000
-0.8203 0.5749 0.0000
-0.8300 0.5640 0.0000
-0.8518 0.4513 0.0000
-0.8742 0.4669 0.0000
-0.9120 0.4412 0.0000
-0.8329 0.5161 0.0000
-0.8909 0.4644 0.0000
-0.8694 0.5613 0.0000
-0.9921 0.5123 0.0000
-0.9084 0.3698 0.0000
-0.9962 0.4212 0.0000
-0.8700 0.4926 0.0000
-0.9432 0.5231 0.0000
-0.8051 0.4788 0.0000
-0.9295 0.5155 0.0000
-0.8522 0.4930 0.0000
-0.9404 0.2638 0.0000
-0.7773 0.3301 0.0000
-0.9098 0.5625 0.0000
-0.8911 0.4694 0.0000
-1.0043 0.2986 0.0000
-0.9493 0.4635 0.0000
-0.9412 0.3432 0.0000
-0.9116 0.4485 0.0000
-1.0132 0.3037 0.0000
-0.9767 0.4347 0.0000
-0.9182 0.4896 0.0000
-0.8789 0.3522 0.0000
-0.8620 0.3596 0.0000
-0.9829 0.3804 0.0000
-0.9850 0.3147 0.0000
-0.8662 0.3186 0.0000
-0.9965 0.2894 0.0000
-0.8895 0.2766 0.0000
-0.9764 0.2717 0.0000
-0.9445 0.2716 0.0000
-1.0540 0.2340 0.0000
-1.0161 0.3543 0.0000
-0.9135 0.3073 0.0000
-0.9947 0.2156 0.0000
-0.9969 0.1938 0.0000
-0.8186 0.1146 0.0000
-0.9365 0.1646 0.0000
-0.9785 0.1747 0.0000
-1.0447 0.1579 0.0000
-0.8705 0.2107 0.0000
-1.0234 0.2443 0.0000
-0.9785 0.2465 0.0000
-1.0901 0.2138 0.0000
-0.9358 0.0881 0.0000
-0.9568 0.2819 0.0000
-0.9859 0.2216 0.0000
-0.9461 0.1221 0.0000
-0.9852 0.0628 0.0000
-1.0159 0.1650 0.0000
-0.9466 0.1427 0.0000
-0.9479 0.0673 0.0000
-0.9982 0.1268 0.0000
-0.8821 0.1050 0.0000
-1.0239 0.1113 0.0000
-1.0499 0.1137 0.0000
-1.0174 -0.0131 0.0000
-0.9998 0.0674 0.0000
-1.0948 0.0746 0.0000
-0.9081 0.1021 0.0000
-0.9613 -0.0175 0.0000
-0.9699 0.0640 0.0000
-0.9671 0.0726 0.0000
-1.0808 0.0369 0.0000
-1.0450 0.0285 0.0000
-1.0536 0.1024 0.0000
-1.0514 -0.0382 0.0000
-0.9955 -0.0568 0.0000
-1.0255 -0.0498 0.0000
0.1693 0.5943 1.0000
-0.0069 0.4452 1.0000
0.1130 0.5329 1.0000
0.0600 0.4732 1.0000
-0.2021 0.4550 1.0000
-0.0631 0.5380 1.0000
0.1225 0.3738 1.0000
0.0577 0.6532 1.0000
-0.0781 0.6389 1.0000
-0.0998 0.4320 1.0000
0.0018 0.4227 1.0000
-0.0968 0.3426 1.0000
-0.0757 0.4449 1.0000
0.0448 0.6649 1.0000
0.1706 0.3288 1.0000
0.0460 0.5018 1.0000
0.0116 0.3660 1.0000
0.0151 0.4706 1.0000
-0.0918 0.3197 1.0000
0.0676 0.3883 1.0000
0.0411 0.2988 1.0000
0.1303 0.5915 1.0000
0.0637 0.3045 1.0000
0.1070 0.2552 1.0000
-0.0722 0.3161 1.0000
-0.2906 0.1660 1.0000
-0.0209 0.1343 1.0000
-0.1014 0.2366 1.0000
-0.1730 0.2326 1.0000
-0.0383 0.2767 1.0000
0.1663 0.2867 1.0000
0.0322 0.2703 1.0000
0.0589 0.1287 1.0000
0.0198 0.2801 1.0000
-0.1289 0.3394 1.0000
0.1675 0.1521 1.0000
0.0109 0.1149 1.0000
0.1261 0.0854 1.0000
0.0177 0.1022 1.0000
0.0529 -0.0176 1.0000
0.2084 0.0745 1.0000
0.0588 0.1573 1.0000
-0.0373 0.0688 1.0000
0.1691 0.1048 1.0000
0.0920 0.0643 1.0000
-0.0155 0.2097 1.0000
0.1765 0.1246 1.0000
-0.1029 0.3781 1.0000
-0.0322 -0.0540 1.0000
0.3848 0.0752 1.0000
-0.0989 0.0344 1.0000
0.1237 0.1320 1.0000
-0.0196 0.3206 1.0000
0.0232 -0.0475 1.0000
0.2043 0.2470 1.0000
-0.0058 -0.0878 1.0000
0.2193 -0.1725 1.0000
-0.0482 0.1822 1.0000
0.0958 0.0274 1.0000
0.1483 0.0336 1.0000
-0.0463 0.1981 1.0000
0.2721 0.0626 1.0000
0.1222 0.3117 1.0000
0.0874 -0.0071 1.0000
0.1680 0.1937 1.0000
0.3193 -0.0208 1.0000
0.1690 -0.1620 1.0000
0.0985 -0.1042 1.0000
0.0191 0.1916 1.0000
0.0489 -0.0807 1.0000
0.1920 0.1321 1.0000
0.2100 0.3008 1.0000
0.1475 -0.0060 1.0000
0.1938 0.1286 1.0000
0.2259 -0.0642 1.0000
0.0557 -0.0275 1.0000
0.3419 -0.1126 1.0000
0.2417 -0.0403 1.0000
0.2864 -0.1728 1.0000
0.4689 -0.2362 1.0000
0.1480 0.0235 1.0000
0.2322 0.0042 1.0000
0.1418 -0.1107 1.0000
0.2075 0.0803 1.0000
0.2937 -0.0186 1.0000
0.1368 -0.0041 1.0000
0.2477 0.0401 1.0000
0.4673 -0.1695 1.0000
0.1818 -0.2424 1.0000
0.2184 -0.1906 1.0000
0.2839 -0.1681 1.0000
0.2025 -0.0290 1.0000
0.1385 -0.1107 1.0000
0.2076 -0.0816 1.0000
0.4278 -0.2108 1.0000
0.3199 -0.1587 1.0000
0.1764 -0.1570 1.0000
0.3124 -0.1421 1.0000
0.2594 -0.1860 1.0000
0.1510 -0.2459 1.0000
0.3610 -0.1014 1.0000
0.2492 -0.2015 1.0000
0.3329 -0.1953 1.0000
0.3761 -0.4431 1.0000
0.3110 -0.2017 1.0000
0.2027 -0.0348 1.0000
0.3479 -0.0534 1.0000
0.2395 -0.3552 1.0000
0.3672 -0.4530 1.0000
0.3720 -0.2450 1.0000
0.4741 -0.1777 1.0000
0.3081 -0.3986 1.0000
0.5698 -0.3670 1.0000
0.2449 -0.4071 1.0000
0.5106 -0.3441 1.0000
0.2922 -0.2702 1.0000
0.3641 -0.3729 1.0000
0.4856 -0.1685 1.0000
0.5197 -0.2090 1.0000
0.4561 -0.5189 1.0000
0.6144 -0.2742 1.0000
0.4935 -0.1812 1.0000
0.5990 -0.2693 1.0000
0.4857 -0.3959 1.0000
0.4439 -0.4309 1.0000
0.3601 -0.4401 1.0000
0.4343 -0.2113 1.0000
0.8402 -0.3187 1.0000
0.3045 -0.1939 1.0000
0.4369 -0.4291 1.0000
0.5049 -0.5028 1.0000
0.5131 -0.3686 1.0000
0.5050 -0.3163 1.0000
0.5081 -0.3641 1.0000
0.5410 -0.3201 1.0000
0.3899 -0.5454 1.0000
0.5132 -0.5495 1.0000
0.5380 -0.2687 1.0000
0.6073 -0.5108 1.0000
0.4382 -0.3493 1.0000
0.5003 -0.4303 1.0000
0.6271 -0.5143 1.0000
0.5144 -0.4953 1.0000
0.4445 -0.5055 1.0000
0.6581 -0.3998 1.0000
0.4784 -0.4371 1.0000
0.3944 -0.5006 1.0000
0.8563 -0.4266 1.0000
0.6933 -0.4268 1.0000
0.6546 -0.3424 1.0000
0.4875 -0.4287 1.0000
0.8168 -0.5234 1.0000
0.5667 -0.4678 1.0000
0.6743 -0.3707 1.0000
0.8015 -0.3766 1.0000
0.6493 -0.2881 1.0000
0.7486 -0.6214 1.0000
0.9747 -0.2321 1.0000
0.6588 -0.4017 1.0000
0.8454 -0.4703 1.0000
0.7816 -0.3195 1.0000
0.5797 -0.5267 1.0000
0.8196 -0.4014 1.0000
0.8274 -0.4749 1.0000
0.6894 -0.7010 1.0000
0.5942 -0.4577 1.0000
0.8382 -0.4017 1.0000
0.7315 -0.5000 1.0000
0.7806 -0.4600 1.0000
0.9307 -0.4537 1.0000
0.5921 -0.6259 1.0000
0.9597 -0.6155 1.0000
0.8769 -0.5089 1.0000
0.7725 -0.4944 1.0000
0.9471 -0.5031 1.0000
0.8043 -0.6651 1.0000
0.8408 -0.4192 1.0000
0.8525 -0.3166 1.0000
0.8381 -0.4498 1.0000
1.0371 -0.6730 1.0000
0.7924 -0.3171 1.0000
0.9672 -0.4080 1.0000
0.9626 -0.4513 1.0000
1.0662 -0.4462 1.0000
0.9070 -0.4735 1.0000
0.9092 -0.6323 1.0000
0.9864 -0.5100 1.0000
1.1204 -0.5042 1.0000
0.9601 -0.4663 1.0000
0.8424 -0.3775 1.0000
1.1539 -0.4990 1.0000
0.8971 -0.5404 1.0000
0.7139 -0.5196 1.0000
0.9790 -0.3721 1.0000
1.0719 -0.5490 1.0000
0.9314 -0.3645 1.0000
0.9516 -0.5608 1.0000
1.1474 -0.3753 1.0000
0.9904 -0.5712 1.0000
0.7546 -0.4292 1.0000
0.8964 -0.7355 1.0000
1.2020 -0.4222 1.0000
0.8830 -0.6455 1.0000
1.1321 -0.6050 1.0000
1.1910 -0.4254 1.0000
1.1077 -0.4505 1.0000
1.0741 -0.3930 1.0000
1.0045 -0.4879 1.0000
1.1571 -0.4302 1.0000
0.9313 -0.5573 1.0000
1.1129 -0.5455 1.0000
1.3034 -0.5431 1.0000
1.0788 -0.4028 1.0000
1.1458 -0.5118 1.0000
1.0231 -0.4573 1.0000
1.2464 -0.4351 1.0000
1.0362 -0.2832 1.0000
0.9638 -0.6804 1.0000
1.2604 -0.4623 1.0000
1.0870 -0.6201 1.0000
1.4392 -0.4730 1.0000
1.2326 -0.4476 1.0000
1.2284 -0.4195 1.0000
1.2719 -0.5280 1.0000
1.1567 -0.6904 1.0000
1.1058 -0.4474 1.0000
1.3325 -0.4064 1.0000
1.1740 -0.6282 1.0000
0.8892 -0.3367 1.0000
1.1595 -0.5270 1.0000
1.2536 -0.6400 1.0000
1.2035 -0.2266 1.0000
1.3138 -0.4243 1.0000
1.0708 -0.1962 1.0000
1.0976 -0.2327 1.0000
1.0221 -0.2925 1.0000
1.4776 -0.5579 1.0000
1.3417 -0.3910 1.0000
1.2009 -0.6283 1.0000
1.1479 -0.3871 1.0000
1.3033 -0.5173 1.0000
1.4370 -0.3861 1.0000
1.2378 -0.5887 1.0000
1.3986 -0.5064 1.0000
1.3552 -0.2501 1.0000
1.4109 -0.5400 1.0000
1.3773 -0.5480 1.0000
1.5584 -0.4983 1.0000
1.3975 -0.3910 1.0000
1.3991 -0.6600 1.0000
1.2137 -0.4763 1.0000
1.4328 -0.4354 1.0000
1.2868 -0.5776 1.0000
1.3607 -0.4688 1.0000
1.4776 -0.4485 1.0000
1.4955 -0.4774 1.0000
1.3996 -0.4444 1.0000
1.3435 -0.3242 1.0000
1.3469 -0.4584 1.0000
1.4428 -0.5479 1.0000
1.4196 -0.4740 1.0000
1.4189 -0.3922 1.0000
1.3765 -0.4077 1.0000
1.6364 -0.3807 1.0000
1.6237 -0.3322 1.0000
1.5861 -0.4629 1.0000
1.5126 -0.3500 1.0000
1.4333 -0.4608 1.0000
1.3347 -0.1785 1.0000
1.4036 -0.1924 1.0000
1.4709 -0.4534 1.0000
1.6084 -0.4214 1.0000
1.6086 -0.3814 1.0000
1.6046 -0.4533 1.0000
1.6533 -0.2743 1.0000
1.4497 -0.0113 1.0000
1.6314 -0.0492 1.0000
1.7651 -0.3422 1.0000
1.5300 -0.3634 1.0000
1.3663 -0.3939 1.0000
1.6218 -0.1227 1.0000
1.5058 -0.1952 1.0000
1.4545 -0.3667 1.0000
1.5562 -0.2469 1.0000
1.6722 -0.1712 1.0000
1.7160 -0.2527 1.0000
1.6765 -0.0863 1.0000
1.5744 -0.1789 1.0000
1.4248 -0.2175 1.0000
1.5898 -0.2615 1.0000
1.7786 -0.2369 1.0000
1.7659 -0.0747 1.0000
1.7123 -0.1058 1.0000
1.6323 -0.2420 1.0000
1.6146 -0.1106 1.0000
1.7327 -0.2912 1.0000
1.7073 -0.1000 1.0000
1.6898 -0.3334 1.0000
1.7159 -0.4517 1.0000
1.7980 -0.2591 1.0000
1.6550 -0.0978 1.0000
1.5530 0.0364 1.0000
1.6646 -0.2544 1.0000
1.8502 -0.1009 1.0000
2.0272 -0.2055 1.0000
1.7239 -0.3519 1.0000
1.7038 -0.2551 1.0000
1.6951 -0.3720 1.0000
1.9534 -0.3267 1.0000
1.4230 -0.2934 1.0000
1.6919 -0.2827 1.0000
1.9012 -0.1553 1.0000
1.7775 -0.0594 1.0000
1.8137 -0.0091 1.0000
1.6511 -0.1861 1.0000
1.8691 -0.4184 1.0000
1.6289 -0.0479 1.0000
1.7411 0.0106 1.0000
1.9005 -0.2392 1.0000
1.8569 0.0551 1.0000
1.8304 -0.2000 1.0000
1.9228 -0.0000 1.0000
1.8869 0.0161 1.0000
1.4669 0.0424 1.0000
2.0476 -0.0044 1.0000
1.8581 0.0333 1.0000
1.8799 0.0346 1.0000
1.8437 -0.1290 1.0000
1.7273 -0.1501 1.0000
1.6872 -0.1518 1.0000
2.0674 0.0735 1.0000
1.7851 -0.0570 1.0000
1.8776 -0.0821 1.0000
1.8761 0.0967 1.0000
1.8676 0.0506 1.0000
1.9821 -0.0155 1.0000
1.9136 -0.0131 1.0000
1.8798 -0.0080 1.0000
1.8234 0.0588 1.0000
1.9585 0.0625 1.0000
1.9539 -0.0366 1.0000
1.7531 0.1091 1.0000
1.9835 0.0721 1.0000
2.0661 0.1821 1.0000
2.2294 0.0563 1.0000
1.7911 -0.0013 1.0000
1.8463 0.1518 1.0000
1.6584 0.2601 1.0000
1.8917 0.0795 1.0000
1.7940 0.1027 1.0000
1.9281 0.1091 1.0000
1.9701 0.0602 1.0000
1.8248 0.2041 1.0000
1.9470 0.1693 1.0000
2.0650 0.0303 1.0000
1.8380 0.3113 1.0000
1.7653 0.0107 1.0000
2.0440 0.2039 1.0000
1.9610 0.1718 1.0000
1.9546 0.1792 1.0000
2.1159 0.1500 1.0000
1.9362 0.4206 1.0000
1.9612 0.4806 1.0000
1.9475 0.3844 1.0000
1.7636 0.2463 1.0000
1.7742 0.3368 1.0000
1.8209 0.2771 1.0000
1.9346 0.1117 1.0000
1.7760 0.1970 1.0000
2.1811 0.2308 1.0000
2.0841 0.2668 1.0000
2.0810 0.0621 1.0000
1.9291 0.4029 1.0000
1.9595 0.2863 1.0000
1.9290 0.4424 1.0000
2.0179 0.3174 1.0000
2.0608 0.3905 1.0000
2.0105 0.5133 1.0000
1.9791 0.3688 1.0000
1.9105 0.3612 1.0000
2.1794 0.2738 1.0000
1.8539 0.4784 1.0000
1.9732 0.3781 1.0000
1.9867 0.3838 1.0000
2.0951 0.2815 1.0000
1.8725 0.4002 1.0000
1.8020 0.2331 1.0000
2.2195 0.4966 1.0000
1.9950 0.5621 1.0000
1.8720 0.3835 1.0000
2.0723 0.5361 1.0000
2.0596 0.1321 1.0000
1.8823 0.5022 1.0000
1.9562 0.7576 1.0000
2.1104 0.5276 1.0000
1.8655 0.4643 1.0000
2.0287 0.6117 1.0000
2.1056 0.6082 1.0000
1.8891 0.6616 1.0000
1.8343 0.4357 1.0000
