0.3620 0.9015 0.0000
-0.1924 0.4684 1.0000
0.1378 0.1044 1.0000
1.7457 -0.1201 1.0000
1.9272 -0.2385 1.0000
1.1777 0.2271 0.0000
0.2619 -0.2789 1.0000
2.0414 0.3626 1.0000
-0.6247 1.1132 0.0000
-0.3629 1.0381 0.0000
-1.0641 0.2544 0.0000
0.0286 0.5609 1.0000
1.0898 -0.3598 1.0000
0.1876 0.1577 1.0000
-0.6164 0.7847 0.0000
0.6873 -0.4457 1.0000
1.9109 0.2325 1.0000
0.7662 -0.4116 1.0000
-0.4036 0.9685 0.0000
0.7623 0.6159 0.0000
-0.8616 0.4590 0.0000
0.9596 -0.5403 1.0000
-1.1270 -0.0214 0.0000
0.2761 0.9625 0.0000
0.8297 0.6455 0.0000
1.6055 -0.2689 1.0000
0.9266 0.2713 0.0000
0.9013 -0.5242 1.0000
0.3457 0.9253 0.0000
-1.0517 0.1192 0.0000
1.6523 -0.3698 1.0000
-0.0338 0.9654 0.0000
-0.0095 1.2257 0.0000
-0.8145 0.7625 0.0000
1.0684 -0.6189 1.0000
2.0734 0.2934 1.0000
0.0159 -0.1352 1.0000
1.6466 -0.0242 1.0000
0.6637 -0.2975 1.0000
-0.8835 0.0930 0.0000
0.3162 -0.4099 1.0000
0.7922 0.5203 0.0000
1.3154 -0.4204 1.0000
-0.8804 0.3809 0.0000
0.4980 0.6748 0.0000
1.1364 -0.0563 0.0000
-0.9638 0.3866 0.0000
0.2310 -0.3590 1.0000
1.4737 -0.2911 1.0000
0.3499 0.9604 0.0000
0.9486 -0.4555 1.0000
-0.5446 0.8558 0.0000
0.5939 -0.4615 1.0000
-0.2703 0.8571 0.0000
-0.0664 0.8962 0.0000
1.0727 0.1259 0.0000
0.4409 -0.2763 1.0000
-0.5101 0.6615 0.0000
-0.9714 0.3982 0.0000
0.4315 -0.3784 1.0000
0.3280 0.7305 0.0000
0.0572 0.0121 1.0000
1.0585 -0.6348 1.0000
1.7597 -0.2874 1.0000
0.2567 -0.1222 1.0000
-0.8200 0.4583 0.0000
0.9629 0.0497 0.0000
2.0150 0.2446 1.0000
0.1816 0.3234 1.0000
0.5249 0.6996 0.0000
-0.1423 1.0114 0.0000
0.5053 0.7668 0.0000
0.6598 -0.4009 1.0000
1.9636 0.2311 1.0000
-0.7396 0.8838 0.0000
0.8120 -0.5109 1.0000
0.1888 0.3927 1.0000
0.3413 0.9668 0.0000
2.1469 0.5712 1.0000
0.2498 0.0205 1.0000
-0.0170 -0.0775 1.0000
-0.9975 0.1851 0.0000
2.0488 -0.0722 1.0000
-0.9861 0.3965 0.0000
0.4209 -0.4882 1.0000
0.5125 -0.2909 1.0000
1.4565 -0.3013 1.0000
-0.3165 0.9176 0.0000
0.7519 -0.4368 1.0000
0.7372 0.5139 0.0000
-0.9424 0.3772 0.0000
1.4276 -0.4519 1.0000
1.1025 -0.5948 1.0000
-0.8932 0.5686 0.0000
-0.7402 0.8548 0.0000
1.0148 -0.4716 1.0000
0.7945 0.8513 0.0000
1.6886 -0.3977 1.0000
0.7468 0.6817 0.0000
-0.9209 0.3966 0.0000
0.1751 0.9939 0.0000
0.4828 -0.1431 1.0000
0.5288 0.7014 0.0000
1.7218 0.2149 1.0000
0.7955 0.0217 0.0000
1.4281 -0.4611 1.0000
0.3185 1.0889 0.0000
-0.8547 0.0750 0.0000
0.2980 -0.0300 1.0000
-0.2982 1.0298 0.0000
-0.0526 0.1835 1.0000
1.0824 -0.1774 0.0000
-0.0057 1.0429 0.0000
0.9903 0.1228 0.0000
1.7956 0.0263 1.0000
1.7735 -0.1184 1.0000
1.2759 -0.5074 1.0000
0.0248 0.0326 1.0000
-0.9832 0.4647 0.0000
-0.6799 0.6924 0.0000
1.7540 -0.2881 1.0000
0.7802 0.5215 0.0000
-0.2828 0.8360 0.0000
0.7625 -0.3627 1.0000
1.5564 -0.2468 1.0000
-1.1253 -0.0710 0.0000
0.6695 0.6951 0.0000
1.4369 -0.3173 1.0000
1.2351 -0.3041 1.0000
1.4221 -0.4871 1.0000
1.8163 0.2354 1.0000
-0.9441 0.1608 0.0000
0.2644 0.0824 1.0000
0.5318 0.7260 0.0000
-0.0804 0.0239 1.0000
2.1160 0.3932 1.0000
1.7412 -0.0531 1.0000
1.8367 -0.0237 1.0000
1.8160 -0.0593 1.0000
-0.6790 0.5929 0.0000
-0.7929 0.7914 0.0000
0.7539 0.5656 0.0000
0.7027 0.5479 0.0000
1.0648 0.2590 0.0000
2.0068 0.3713 1.0000
1.0930 0.0237 0.0000
0.2782 -0.1267 1.0000
0.2419 -0.3511 1.0000
-1.1335 -0.0257 0.0000
1.1991 0.0586 0.0000
-0.1872 0.8003 0.0000
1.0341 -0.4746 1.0000
-0.0966 1.0529 0.0000
1.9980 0.4771 1.0000
0.0769 0.8165 0.0000
0.9654 0.3508 0.0000
0.7130 0.7201 0.0000
0.8878 0.1378 0.0000
1.0814 -0.3822 1.0000
0.7893 0.1097 0.0000
-0.0522 0.2325 1.0000
-1.0099 0.2511 0.0000
0.6696 0.7671 0.0000
1.0427 -0.8013 1.0000
-0.9200 0.2691 0.0000
0.4997 0.7447 0.0000
1.3633 -0.4067 1.0000
0.1606 -0.1317 1.0000
1.9070 0.4821 1.0000
1.7832 0.1958 1.0000
1.7554 -0.0033 1.0000
-0.5737 0.8424 0.0000
1.9541 0.0721 1.0000
0.8794 -0.5292 1.0000
1.8250 0.3318 1.0000
-0.7959 0.6059 0.0000
0.3424 -0.2242 1.0000
0.8224 0.6329 0.0000
0.3680 -0.2999 1.0000
1.8969 -0.0970 1.0000
0.4667 -0.3899 1.0000
-0.5155 0.7557 0.0000
0.2496 1.1400 0.0000
1.9687 0.2747 1.0000
0.6317 0.7020 0.0000
0.6712 -0.4639 1.0000
1.5696 -0.2482 1.0000
1.6351 -0.1615 1.0000
0.4473 -0.1368 1.0000
0.4240 1.0381 0.0000
0.3941 -0.3045 1.0000
1.6931 -0.1101 1.0000
0.4899 0.9148 0.0000
0.1178 0.0860 1.0000
1.9040 -0.2156 1.0000
0.2877 -0.1162 1.0000
1.2783 -0.4218 1.0000
0.3919 0.7853 0.0000
0.9373 0.1306 0.0000
-0.8933 0.4737 0.0000
-0.2105 0.9765 0.0000
-0.4550 0.8471 0.0000
-0.3185 1.0566 0.0000
1.7679 0.2880 1.0000
-0.5655 0.6712 0.0000
-0.1926 0.3457 1.0000
-0.9495 0.2767 0.0000
1.4702 -0.2240 1.0000
0.8152 0.7794 0.0000
0.2054 -0.0651 1.0000
0.0763 0.5489 1.0000
-0.2600 0.6975 0.0000
0.5038 0.7953 0.0000
1.6693 -0.0017 1.0000
1.0327 0.1202 0.0000
1.2600 -0.5898 1.0000
0.9238 0.3219 0.0000
-0.3026 0.8840 0.0000
-0.9802 0.1082 0.0000
-0.1311 0.2157 1.0000
0.8504 0.4790 0.0000
0.1556 1.2045 0.0000
-0.9060 0.0217 0.0000
0.3945 0.9846 0.0000
1.3049 -0.3589 1.0000
0.2035 -0.2158 1.0000
-0.4722 0.7861 0.0000
-1.0796 -0.0086 0.0000
0.2092 0.9390 0.0000
-0.5604 0.8021 0.0000
1.5074 -0.4108 1.0000
-0.1034 0.9097 0.0000
-0.0837 0.4860 1.0000
0.2383 1.0463 0.0000
0.7675 -0.5649 1.0000
1.6406 -0.3277 1.0000
0.3301 -0.1174 1.0000
-0.0882 0.8610 0.0000
-0.7459 0.5787 0.0000
0.5422 -0.5544 1.0000
-0.4785 0.7432 0.0000
-0.0955 1.0554 0.0000
0.0766 0.1908 1.0000
-0.1821 0.5051 1.0000
1.4759 -0.5833 1.0000
1.2761 -0.3033 1.0000
0.7427 -0.3846 1.0000
-0.9100 0.1421 0.0000
-0.1031 0.8376 0.0000
0.8694 0.4310 0.0000
2.0305 0.2163 1.0000
-0.3837 0.7799 0.0000
0.8992 0.4179 0.0000
1.0348 0.5056 0.0000
0.2901 0.9425 0.0000
0.3861 0.8976 0.0000
0.6817 0.5167 0.0000
-0.8134 0.5581 0.0000
-0.1376 0.2681 1.0000
-0.7755 0.4334 0.0000
0.6662 0.6621 0.0000
0.9518 0.4422 0.0000
0.2683 -0.0777 1.0000
0.7978 0.3536 0.0000
0.7547 -0.4905 1.0000
1.1293 -0.3445 1.0000
1.6747 -0.2391 1.0000
-0.9121 0.2851 0.0000
0.9001 0.2511 0.0000
1.4453 -0.3740 1.0000
1.0636 -0.5367 1.0000
-0.2930 0.9626 0.0000
1.6845 -0.2754 1.0000
0.4675 -0.4428 1.0000
-0.2228 1.0500 0.0000
-0.7918 0.3843 0.0000
0.3026 1.1403 0.0000
0.6290 -0.2844 1.0000
0.5629 -0.4337 1.0000
0.7067 -0.4552 1.0000
-0.9932 0.3568 0.0000
1.0653 -0.4585 1.0000
-0.6939 0.9093 0.0000
-0.7670 0.3764 0.0000
-0.8106 0.6375 0.0000
-0.9791 0.1812 0.0000
0.0116 0.4734 1.0000
0.5787 0.7156 0.0000
1.0015 0.3293 0.0000
-0.8906 0.3675 0.0000
-0.8494 0.5356 0.0000
-0.0161 0.9791 0.0000
0.2451 0.9316 0.0000
-0.5750 0.8693 0.0000
1.2526 -0.4750 1.0000
1.2088 -0.6052 1.0000
0.7721 0.4398 0.0000
-0.1188 0.1612 1.0000
0.7275 -0.4732 1.0000
0.6585 0.8570 0.0000
0.3017 -0.2038 1.0000
0.3406 -0.3329 1.0000
0.9751 0.1942 0.0000
-0.0301 0.1365 1.0000
1.5298 -0.4699 1.0000
1.9739 0.3491 1.0000
-0.8952 0.1557 0.0000
-0.4667 0.8099 0.0000
0.5051 0.6866 0.0000
2.1323 0.3783 1.0000
1.9527 0.1566 1.0000
0.1057 0.8945 0.0000
-0.2106 0.9000 0.0000
-0.3129 0.8603 0.0000
0.9150 0.2477 0.0000
0.6600 -0.4189 1.0000
0.0521 1.1807 0.0000
0.6343 -0.6141 1.0000
0.0775 0.9429 0.0000
-1.1347 0.0825 0.0000
0.0447 0.3932 1.0000
1.4472 -0.1642 1.0000
0.2844 -0.3667 1.0000
2.0948 0.5825 1.0000
1.2345 -0.5888 1.0000
-0.8969 -0.1921 0.0000
1.0219 -0.3927 1.0000
0.9659 0.2110 0.0000
0.4817 -0.3481 1.0000
0.0339 0.0793 1.0000
0.1611 0.2831 1.0000
-0.9537 0.5201 0.0000
1.4503 -0.4043 1.0000
1.0357 0.1850 0.0000
1.2034 -0.5249 1.0000
0.0245 0.8622 0.0000
0.0396 0.0464 1.0000
0.0007 0.2294 1.0000
0.4848 0.7726 0.0000
-0.6456 0.8610 0.0000
1.6328 -0.0353 1.0000
1.9543 0.2519 1.0000
0.0769 0.3333 1.0000
0.2009 -0.0387 1.0000
1.6056 -0.1893 1.0000
-0.5234 0.7072 0.0000
1.8453 -0.0854 1.0000
0.6188 0.7660 0.0000
0.4823 -0.2867 1.0000
-0.0315 0.4930 1.0000
1.0201 0.2213 0.0000
0.9062 -0.5065 1.0000
0.4681 1.0413 0.0000
0.0893 0.3792 1.0000
0.8328 0.5356 0.0000
1.9940 0.4015 1.0000
0.9454 0.6375 0.0000
0.8285 0.4081 0.0000
0.0173 0.2121 1.0000
0.8435 0.5754 0.0000
-0.9115 0.5900 0.0000
1.1863 -0.4167 1.0000
1.3925 -0.3289 1.0000
1.6385 -0.3963 1.0000
0.0630 1.0177 0.0000
-1.0225 0.3582 0.0000
0.7382 0.7462 0.0000
1.0117 -0.4901 1.0000
-0.1841 0.9618 0.0000
-0.6537 0.7941 0.0000
0.9160 0.2966 0.0000
0.8792 0.5364 0.0000
1.7981 -0.3500 1.0000
0.9951 0.0239 0.0000
-0.9222 0.7367 0.0000
0.9342 -0.3403 1.0000
1.5259 -0.3870 1.0000
0.3506 0.7768 0.0000
0.7053 -0.4390 1.0000
0.3248 -0.0597 1.0000
1.9468 0.2394 1.0000
-0.4537 0.7015 0.0000
0.8261 -0.6061 1.0000
0.1146 0.3725 1.0000
0.3000 0.9406 0.0000
1.8887 0.0163 1.0000
0.4391 1.0381 0.0000
1.8509 -0.0821 1.0000
-0.4922 0.6689 0.0000
0.8113 0.7949 0.0000
0.2921 -0.0281 1.0000
0.9655 0.6111 0.0000
0.6334 -0.4719 1.0000
0.9844 -0.5852 1.0000
-0.9348 0.4161 0.0000
0.0506 0.2471 1.0000
-0.6446 0.2930 0.0000
-0.4270 1.0829 0.0000
-0.2614 0.9068 0.0000
0.5320 -0.4963 1.0000
-0.6222 0.7559 0.0000
0.7785 -0.4347 1.0000
-0.0752 0.9983 0.0000
1.9214 0.0915 1.0000
1.8968 0.3444 1.0000
0.0053 0.2059 1.0000
0.4138 -0.2099 1.0000
-0.7755 0.4435 0.0000
0.4030 0.9051 0.0000
0.0040 0.9674 0.0000
2.0368 0.1884 1.0000
1.6420 -0.3112 1.0000
1.7771 -0.0581 1.0000
1.9109 -0.0326 1.0000
1.0317 -0.5159 1.0000
0.2463 0.8387 0.0000
0.7258 0.8506 0.0000
0.0961 0.2806 1.0000
0.1042 1.0639 0.0000
0.6829 -0.4815 1.0000
0.2887 -0.0741 1.0000
0.6957 0.6280 0.0000
0.4020 -0.2282 1.0000
0.1306 0.4617 1.0000
1.0127 -0.3739 1.0000
1.8550 -0.2695 1.0000
1.1155 0.6824 0.0000
0.2267 1.0077 0.0000
1.3019 -0.5027 1.0000
1.9926 0.2176 1.0000
-0.0597 0.1536 1.0000
1.8609 -0.0935 1.0000
0.9796 0.4480 0.0000
1.1530 -0.6832 1.0000
0.6700 0.6247 0.0000
1.6255 -0.2866 1.0000
1.6965 -0.2321 1.0000
-0.0224 1.0068 0.0000
0.2651 0.0311 1.0000
0.7901 0.2187 0.0000
-0.5210 0.6226 0.0000
1.0197 -0.5252 1.0000
-0.4838 0.8709 0.0000
-0.2060 0.9253 0.0000
-1.0013 -0.0900 0.0000
-0.8086 0.6119 0.0000
0.9484 0.5210 0.0000
0.9251 0.4228 0.0000
0.1333 0.8445 0.0000
-0.7369 0.8652 0.0000
2.0274 0.2101 1.0000
1.8908 -0.0571 1.0000
0.2759 0.0765 1.0000
1.5984 -0.3027 1.0000
1.3115 -0.5721 1.0000
1.9335 -0.0293 1.0000
-0.0979 0.9524 0.0000
0.1380 0.0973 1.0000
1.8520 0.1948 1.0000
-0.4245 0.7871 0.0000
0.2862 0.9132 0.0000
0.3664 -0.4136 1.0000
1.8251 0.0055 1.0000
1.7500 -0.2982 1.0000
0.4943 -0.2660 1.0000
-0.8097 0.5590 0.0000
-0.8579 0.1794 0.0000
1.9060 0.0132 1.0000
-0.0816 1.0518 0.0000
1.2740 -0.6278 1.0000
0.1763 0.3767 1.0000
0.5011 0.6671 0.0000
0.5871 -0.4538 1.0000
1.0803 0.3719 0.0000
-0.4354 0.9127 0.0000
0.5635 -0.3021 1.0000
1.9343 0.3081 1.0000
-0.5095 0.8675 0.0000
1.8671 0.2867 1.0000
0.9066 0.4316 0.0000
-0.5831 0.6099 0.0000
0.2925 -0.1456 1.0000
1.3010 -0.4780 1.0000
0.3688 0.9260 0.0000
2.0464 0.2138 1.0000
0.5569 0.9464 0.0000
0.3110 0.7319 0.0000
0.2332 0.0171 1.0000
-1.0511 -0.0217 0.0000
0.2895 0.1776 1.0000
-0.8338 0.4931 0.0000
1.0370 0.1673 0.0000
0.8789 -0.5185 1.0000
-0.8059 0.4557 0.0000
-0.0780 0.5145 1.0000
0.4995 -0.2363 1.0000
-0.7864 0.5324 0.0000
-0.1833 1.1107 0.0000
0.7703 0.5140 0.0000
-0.5509 0.6852 0.0000
