1.1764 0.0400 0.0000
1.0979 0.2283 0.0000
1.1867 -0.0893 0.0000
1.0949 -0.0026 0.0000
0.9895 0.0578 0.0000
1.0142 0.1664 0.0000
1.0758 0.0373 0.0000
1.0440 0.0627 0.0000
1.1488 0.0130 0.0000
1.0306 -0.0477 0.0000
0.7438 0.1073 0.0000
1.0854 -0.0281 0.0000
1.2257 -0.0951 0.0000
1.0031 0.0358 0.0000
1.1516 0.2056 0.0000
1.0135 0.1007 0.0000
0.9090 -0.1310 0.0000
0.9627 0.0869 0.0000
1.1202 0.1957 0.0000
0.9581 0.0494 0.0000
0.8916 -0.0582 0.0000
0.8255 0.2830 0.0000
0.9448 0.0483 0.0000
0.8701 0.1741 0.0000
0.8335 0.0792 0.0000
0.9050 0.1434 0.0000
0.9430 -0.0092 0.0000
0.9908 0.1558 0.0000
0.9998 0.1474 0.0000
0.9292 0.0851 0.0000
0.9248 0.0895 0.0000
0.9102 -0.0430 0.0000
1.0087 0.0936 0.0000
0.8274 0.1843 0.0000
0.8991 0.1473 0.0000
1.0622 0.1592 0.0000
1.1026 0.0269 0.0000
1.0282 0.0861 0.0000
0.9002 0.1008 0.0000
0.9555 0.1685 0.0000
0.8694 0.2571 0.0000
1.0318 0.0175 0.0000
1.1333 0.3648 0.0000
1.1017 0.1614 0.0000
0.8759 0.2890 0.0000
0.9419 0.3099 0.0000
1.0023 0.2894 0.0000
1.0163 0.2665 0.0000
0.9809 0.3786 0.0000
0.9916 0.2443 0.0000
1.1664 0.0734 0.0000
0.8502 0.3092 0.0000
0.8590 0.4107 0.0000
0.9340 0.1457 0.0000
1.1668 0.3726 0.0000
1.1603 0.3193 0.0000
0.8864 0.4237 0.0000
0.9448 0.3171 0.0000
1.0653 0.2254 0.0000
1.0309 0.3372 0.0000
1.0061 0.1391 0.0000
0.9973 0.3857 0.0000
0.8969 0.2422 0.0000
0.9218 0.4461 0.0000
1.0314 0.3060 0.0000
0.8861 0.3232 0.0000
0.8945 0.2765 0.0000
0.8972 0.3450 0.0000
1.0173 0.2605 0.0000
0.9980 0.1761 0.0000
0.8081 0.3333 0.0000
0.9727 0.3569 0.0000
1.1931 0.3919 0.0000
0.8622 0.4131 0.0000
0.8206 0.2593 0.0000
0.9441 0.4808 0.0000
0.8751 0.2308 0.0000
0.9385 0.2510 0.0000
1.0596 0.2134 0.0000
0.8309 0.2815 0.0000
0.8944 0.5222 0.0000
1.0378 0.3420 0.0000
0.8189 0.4216 0.0000
0.8400 0.1867 0.0000
1.0574 0.3768 0.0000
1.0292 0.3809 0.0000
1.0213 0.2878 0.0000
0.8307 0.4250 0.0000
0.8523 0.2918 0.0000
0.8856 0.3664 0.0000
0.8942 0.2311 0.0000
0.8637 0.1501 0.0000
0.9890 0.2162 0.0000
0.8144 0.3855 0.0000
0.8493 0.5384 0.0000
0.7924 0.4147 0.0000
0.9161 0.2751 0.0000
0.9707 0.3786 0.0000
0.9939 0.4819 0.0000
1.1313 0.5371 0.0000
0.8764 0.3833 0.0000
1.0216 0.4766 0.0000
0.9739 0.2532 0.0000
0.9057 0.3449 0.0000
0.9343 0.4127 0.0000
0.9956 0.4580 0.0000
0.9814 0.3835 0.0000
0.8065 0.3929 0.0000
0.8974 0.4756 0.0000
1.1232 0.4372 0.0000
0.7998 0.4106 0.0000
0.8472 0.4971 0.0000
0.7376 0.4590 0.0000
0.9054 0.4796 0.0000
0.8281 0.4364 0.0000
0.7435 0.4145 0.0000
0.8297 0.5092 0.0000
0.7664 0.5494 0.0000
1.0294 0.2680 0.0000
0.9206 0.5464 0.0000
0.8122 0.4426 0.0000
0.8607 0.4562 0.0000
0.8410 0.3221 0.0000
0.9851 0.6013 0.0000
0.7864 0.3503 0.0000
0.9178 0.4430 0.0000
0.8778 0.4723 0.0000
0.9306 0.5773 0.0000
0.7867 0.3731 0.0000
0.6989 0.5761 0.0000
0.7361 0.4680 0.0000
0.7932 0.5170 0.0000
0.6570 0.5447 0.0000
0.9008 0.5382 0.0000
0.8151 0.5427 0.0000
0.8838 0.2592 0.0000
1.0373 0.5790 0.0000
0.7742 0.5044 0.0000
0.8865 0.5354 0.0000
0.6317 0.7570 0.0000
0.8214 0.6561 0.0000
0.7610 0.7112 0.0000
0.8564 0.6219 0.0000
0.7209 0.6856 0.0000
0.8921 0.6981 0.0000
0.7579 0.5233 0.0000
1.0487 0.4688 0.0000
0.8023 0.6919 0.0000
0.8232 0.6400 0.0000
0.7710 0.6221 0.0000
0.6779 0.7543 0.0000
0.7942 0.5238 0.0000
0.8702 0.5492 0.0000
0.6676 0.4639 0.0000
0.8679 0.5860 0.0000
0.7826 0.7131 0.0000
0.6808 0.5356 0.0000
0.7524 0.6214 0.0000
0.7841 0.5866 0.0000
0.7796 0.6078 0.0000
0.7112 0.5405 0.0000
0.8080 0.5360 0.0000
0.6622 0.5972 0.0000
0.7595 0.8573 0.0000
0.7021 0.7292 0.0000
0.8446 0.5192 0.0000
0.8446 0.5230 0.0000
0.4986 0.7052 0.0000
0.5862 0.6929 0.0000
0.6907 0.8169 0.0000
0.8632 0.6088 0.0000
0.6848 0.5359 0.0000
0.7068 0.6324 0.0000
0.7116 0.6793 0.0000
0.8031 0.7017 0.0000
0.6661 0.5261 0.0000
0.8761 0.6040 0.0000
0.6716 0.6239 0.0000
0.5497 0.6313 0.0000
0.6832 0.7443 0.0000
0.7981 0.6857 0.0000
0.8186 0.7223 0.0000
0.7209 0.7075 0.0000
0.7005 0.6549 0.0000
0.6899 0.5846 0.0000
0.7418 0.6011 0.0000
0.7950 0.6784 0.0000
0.7128 0.7557 0.0000
0.7692 0.5523 0.0000
0.6812 0.8003 0.0000
0.5291 0.7539 0.0000
0.4703 0.6159 0.0000
0.6967 0.5554 0.0000
0.5913 0.5768 0.0000
0.8516 0.7433 0.0000
0.7405 0.7074 0.0000
0.6453 0.5709 0.0000
0.6484 0.6593 0.0000
0.7603 0.8524 0.0000
0.8181 0.8263 0.0000
0.6084 0.6323 0.0000
0.7418 0.7823 0.0000
0.4852 0.7850 0.0000
0.7403 0.7581 0.0000
0.6372 0.6742 0.0000
0.5079 0.8378 0.0000
0.6185 0.7371 0.0000
0.8194 0.8316 0.0000
0.6800 0.7801 0.0000
0.7917 0.9405 0.0000
0.7295 0.8295 0.0000
0.4238 0.7863 0.0000
0.6170 0.7860 0.0000
0.7211 0.5052 0.0000
0.5666 0.8088 0.0000
0.5735 0.6427 0.0000
0.7038 0.8147 0.0000
0.5165 0.8211 0.0000
0.6924 0.7927 0.0000
0.6870 0.8026 0.0000
0.5641 0.6813 0.0000
0.5917 0.8192 0.0000
0.6845 0.7908 0.0000
0.6393 0.7083 0.0000
0.5119 0.7962 0.0000
0.4813 0.8918 0.0000
0.6297 0.8401 0.0000
0.6138 1.0168 0.0000
0.5296 0.5969 0.0000
0.5930 0.8144 0.0000
0.5179 0.7240 0.0000
0.5223 0.8424 0.0000
0.5125 1.0679 0.0000
0.4632 0.7497 0.0000
0.3269 0.8565 0.0000
0.3507 0.7797 0.0000
0.5212 0.7650 0.0000
0.7192 0.9377 0.0000
0.6737 0.7523 0.0000
0.6511 0.8924 0.0000
0.6118 0.9480 0.0000
0.4403 0.8048 0.0000
0.6138 0.5839 0.0000
0.6754 0.9070 0.0000
0.5159 0.8759 0.0000
0.4139 0.8211 0.0000
0.6233 0.9880 0.0000
0.7793 0.8530 0.0000
0.4402 0.8111 0.0000
0.4006 0.8568 0.0000
0.5371 0.8633 0.0000
0.6048 0.8454 0.0000
0.4568 0.8128 0.0000
0.3246 0.7162 0.0000
0.3663 1.0051 0.0000
0.5700 1.0145 0.0000
0.3436 0.6821 0.0000
0.4071 0.8986 0.0000
0.5193 0.9878 0.0000
0.4942 1.0592 0.0000
0.4397 0.7956 0.0000
0.2902 0.7999 0.0000
0.4788 0.8018 0.0000
0.5445 1.0339 0.0000
0.2101 0.9809 0.0000
0.2193 0.9365 0.0000
0.5620 0.9047 0.0000
0.3078 0.8415 0.0000
0.4058 0.8837 0.0000
0.4079 0.8927 0.0000
0.4458 0.7846 0.0000
0.3964 1.0591 0.0000
0.3783 0.8646 0.0000
0.5208 0.6548 0.0000
0.5273 0.8493 0.0000
0.4217 0.9238 0.0000
0.4957 0.8891 0.0000
0.3298 1.0473 0.0000
0.1574 0.9212 0.0000
0.2551 0.8447 0.0000
0.5872 0.9180 0.0000
0.4017 0.7459 0.0000
0.3054 0.9453 0.0000
0.4099 0.9889 0.0000
0.3714 0.9815 0.0000
0.4120 0.7474 0.0000
0.3664 1.0087 0.0000
0.4178 0.8970 0.0000
0.2743 0.8231 0.0000
0.3379 1.0497 0.0000
0.1519 0.8719 0.0000
0.2291 1.0178 0.0000
0.2837 0.8937 0.0000
0.3135 0.9867 0.0000
0.2920 0.6389 0.0000
0.3816 0.9888 0.0000
0.3014 0.8379 0.0000
0.3545 0.9856 0.0000
0.2684 0.9273 0.0000
0.2184 0.9324 0.0000
0.1524 0.9933 0.0000
0.2090 0.9767 0.0000
0.1588 0.8951 0.0000
0.2844 0.7893 0.0000
0.3029 0.9187 0.0000
0.1132 0.8275 0.0000
0.3439 1.0486 0.0000
0.2662 1.0007 0.0000
0.2977 0.9943 0.0000
0.3999 0.8118 0.0000
0.3349 0.9254 0.0000
0.2408 0.9345 0.0000
0.2216 0.8432 0.0000
0.2734 1.1340 0.0000
0.2454 0.9678 0.0000
0.1783 0.9573 0.0000
0.2895 0.9330 0.0000
0.1935 1.0114 0.0000
0.1430 0.9973 0.0000
0.3127 1.1090 0.0000
0.2176 1.1107 0.0000
0.3260 0.8753 0.0000
0.0966 0.9454 0.0000
0.3172 0.9695 0.0000
0.1502 1.1329 0.0000
0.2348 0.7465 0.0000
0.2337 1.0314 0.0000
0.2205 1.0252 0.0000
0.1871 0.8492 0.0000
0.1526 0.8873 0.0000
0.0923 0.8563 0.0000
0.2267 0.9932 0.0000
0.1325 0.9192 0.0000
0.1708 1.0928 0.0000
-0.0314 1.0233 0.0000
0.1104 0.7978 0.0000
-0.0338 0.8957 0.0000
0.1786 1.0270 0.0000
0.0586 1.0900 0.0000
0.2906 1.0285 0.0000
0.0851 1.1020 0.0000
0.2156 1.0769 0.0000
0.0702 0.7073 0.0000
0.3434 0.8302 0.0000
0.1240 1.2299 0.0000
0.1565 1.0873 0.0000
-0.0310 0.8151 0.0000
0.0618 1.1024 0.0000
0.0763 0.9144 0.0000
0.1265 1.1025 0.0000
-0.0419 0.8737 0.0000
0.0195 1.1046 0.0000
0.1177 1.2088 0.0000
0.1837 0.9924 0.0000
0.2124 1.0175 0.0000
0.0112 1.0647 0.0000
0.0079 0.9680 0.0000
0.2061 0.9872 0.0000
-0.0112 0.9512 0.0000
0.1671 0.9426 0.0000
0.0221 0.9471 0.0000
0.0750 0.9598 0.0000
-0.1078 0.9099 0.0000
-0.0451 1.1232 0.0000
0.1253 1.0578 0.0000
-0.0107 0.9176 0.0000
-0.0151 0.8942 0.0000
0.2812 0.7750 0.0000
0.0837 0.8712 0.0000
0.0126 0.9009 0.0000
-0.0989 0.8858 0.0000
0.1902 0.9866 0.0000
-0.0661 1.0555 0.0000
0.0073 1.0720 0.0000
-0.1803 1.0304 0.0000
0.0752 0.8338 0.0000
0.0385 1.1696 0.0000
-0.0120 1.0821 0.0000
0.0524 0.9291 0.0000
-0.0149 0.8431 0.0000
-0.0682 1.0263 0.0000
0.0450 1.0021 0.0000
0.0405 0.8892 0.0000
-0.0458 1.0013 0.0000
0.1451 0.9778 0.0000
-0.0939 1.0012 0.0000
-0.1401 1.0181 0.0000
-0.0889 0.8195 0.0000
-0.0625 0.9666 0.0000
-0.2240 0.9914 0.0000
0.0840 1.0500 0.0000
-0.0080 0.8635 0.0000
-0.0256 1.0122 0.0000
-0.0246 1.0393 0.0000
-0.2177 0.9925 0.0000
-0.1617 0.9913 0.0000
-0.1798 1.1272 0.0000
-0.1801 0.9057 0.0000
-0.0909 0.8874 0.0000
-0.1450 0.9117 0.0000
0.0344 1.0729 0.0000
-0.1167 0.9547 0.0000
-0.0210 1.0339 0.0000
-0.0695 0.9902 0.0000
-0.2922 0.9811 0.0000
-0.1808 1.0563 0.0000
-0.0306 0.9255 0.0000
-0.0891 1.1643 0.0000
-0.2068 1.1583 0.0000
-0.2295 0.9918 0.0000
-0.1495 0.9901 0.0000
-0.2363 0.9292 0.0000
-0.2234 1.0204 0.0000
-0.1278 1.2096 0.0000
-0.0278 0.9353 0.0000
-0.1366 1.0853 0.0000
-0.1701 0.9779 0.0000
-0.1722 1.0709 0.0000
-0.2663 0.9508 0.0000
-0.1385 1.0138 0.0000
-0.1657 0.9449 0.0000
-0.0966 1.1944 0.0000
-0.1573 0.9609 0.0000
-0.1265 0.9255 0.0000
-0.2811 0.9818 0.0000
-0.4685 0.8623 0.0000
-0.2491 0.8414 0.0000
-0.3217 0.9322 0.0000
-0.3868 0.9343 0.0000
-0.2801 0.9765 0.0000
-0.1153 0.9903 0.0000
-0.2327 0.9820 0.0000
-0.2161 0.8694 0.0000
-0.2544 1.0009 0.0000
-0.3841 1.0556 0.0000
-0.1429 0.9048 0.0000
-0.2792 0.8791 0.0000
-0.1892 0.8597 0.0000
-0.2855 0.8788 0.0000
-0.2622 0.7842 0.0000
-0.1386 0.8660 0.0000
-0.2693 0.9401 0.0000
-0.3556 0.8714 0.0000
-0.1897 0.9064 0.0000
-0.2603 0.8777 0.0000
-0.3561 1.0038 0.0000
-0.2024 0.9378 0.0000
-0.4416 1.1539 0.0000
-0.3891 0.7987 0.0000
-0.0480 0.9112 0.0000
-0.4576 0.8819 0.0000
-0.2786 0.9680 0.0000
-0.4045 1.1299 0.0000
-0.3755 0.8278 0.0000
-0.2312 1.0778 0.0000
-0.4130 0.8034 0.0000
-0.2322 0.7374 0.0000
-0.4618 1.0375 0.0000
-0.3487 0.9129 0.0000
-0.3118 0.9226 0.0000
-0.4809 1.0640 0.0000
-0.2224 0.9554 0.0000
-0.3543 1.1674 0.0000
-0.3904 0.9059 0.0000
-0.3302 1.0775 0.0000
-0.2113 0.9030 0.0000
-0.3436 0.7894 0.0000
-0.4095 0.8416 0.0000
-0.4829 1.0922 0.0000
-0.4653 0.8693 0.0000
-0.3534 1.0506 0.0000
-0.3457 1.1951 0.0000
-0.4051 0.9434 0.0000
-0.3739 1.0594 0.0000
-0.3546 0.9025 0.0000
-0.5039 0.9369 0.0000
-0.2729 0.8697 0.0000
-0.3639 0.9336 0.0000
-0.3343 0.8268 0.0000
-0.1897 0.7776 0.0000
-0.4648 0.9975 0.0000
-0.4023 0.9849 0.0000
-0.4854 0.8926 0.0000
-0.4383 1.0551 0.0000
-0.3743 0.9760 0.0000
-0.5129 0.9914 0.0000
-0.4283 1.0315 0.0000
-0.2531 0.8600 0.0000
-0.4989 0.8024 0.0000
-0.4764 0.8487 0.0000
-0.4298 0.8705 0.0000
-0.5056 0.9894 0.0000
-0.5669 0.9243 0.0000
-0.5174 0.9514 0.0000
-0.3420 0.8467 0.0000
-0.4401 0.8928 0.0000
-0.5678 0.8970 0.0000
-0.4626 0.9122 0.0000
-0.5150 0.8782 0.0000
-0.6135 0.8309 0.0000
-0.4468 0.9539 0.0000
-0.5483 0.8730 0.0000
-0.4868 0.8805 0.0000
-0.4592 0.6764 0.0000
-0.5218 0.8800 0.0000
-0.6205 1.0213 0.0000
-0.5079 1.0080 0.0000
-0.6066 0.7588 0.0000
-0.5087 0.6794 0.0000
-0.5132 0.8548 0.0000
-0.4367 0.9129 0.0000
-0.5835 0.7308 0.0000
-0.3741 0.7590 0.0000
-0.6533 0.7275 0.0000
-0.4406 0.7818 0.0000
-0.6312 0.8451 0.0000
-0.5800 0.7612 0.0000
-0.4873 0.9332 0.0000
-0.4677 0.9010 0.0000
-0.5294 0.6443 0.0000
-0.4062 0.8497 0.0000
-0.5157 0.9286 0.0000
-0.4366 0.8565 0.0000
-0.5398 0.7523 0.0000
-0.5835 0.7243 0.0000
-0.6622 0.7179 0.0000
-0.6091 0.9097 0.0000
-0.2798 0.8213 0.0000
-0.7351 0.9263 0.0000
-0.6337 0.7312 0.0000
-0.5860 0.6707 0.0000
-0.5880 0.7833 0.0000
-0.6038 0.8278 0.0000
-0.6102 0.7887 0.0000
-0.5918 0.8260 0.0000
-0.7266 0.6388 0.0000
-0.6329 0.6359 0.0000
-0.6213 0.8704 0.0000
-0.5726 0.6691 0.0000
-0.7225 0.8041 0.0000
-0.6799 0.7369 0.0000
-0.5833 0.6672 0.0000
-0.6863 0.6832 0.0000
-0.7537 0.6748 0.0000
-0.5848 0.7629 0.0000
-0.7436 0.7319 0.0000
-0.8228 0.6789 0.0000
-0.4471 0.7404 0.0000
-0.5920 0.7401 0.0000
-0.6335 0.8102 0.0000
-0.7819 0.7380 0.0000
-0.5166 0.6587 0.0000
-0.7343 0.7047 0.0000
-0.6538 0.7851 0.0000
-0.5570 0.7797 0.0000
-0.6930 0.8528 0.0000
-0.6194 0.5744 0.0000
-0.4402 0.8980 0.0000
-0.7127 0.7559 0.0000
-0.5665 0.6980 0.0000
-0.6289 0.8227 0.0000
-0.8064 0.6491 0.0000
-0.6157 0.7524 0.0000
-0.6184 0.6901 0.0000
-0.7426 0.5005 0.0000
-0.8313 0.7021 0.0000
-0.6371 0.7475 0.0000
-0.7353 0.6642 0.0000
-0.7037 0.6962 0.0000
-0.5878 0.6999 0.0000
-0.8793 0.5550 0.0000
-0.5821 0.5620 0.0000
-0.6604 0.6492 0.0000
-0.7566 0.6596 0.0000
-0.6204 0.6506 0.0000
-0.7486 0.5137 0.0000
-0.7274 0.7167 0.0000
-0.7269 0.8003 0.0000
-0.7481 0.6872 0.0000
-0.5915 0.4991 0.0000
-0.8047 0.7936 0.0000
-0.6682 0.7156 0.0000
-0.6813 0.6773 0.0000
-0.6041 0.6791 0.0000
-0.7459 0.6540 0.0000
-0.7533 0.5192 0.0000
-0.6982 0.6186 0.0000
-0.5957 0.6208 0.0000
-0.7384 0.6498 0.0000
-0.8457 0.7211 0.0000
-0.5952 0.6171 0.0000
-0.8184 0.5798 0.0000
-0.9801 0.5942 0.0000
-0.7684 0.7141 0.0000
-0.7000 0.5636 0.0000
-0.8262 0.7143 0.0000
-0.8184 0.5476 0.0000
-0.6643 0.6990 0.0000
-0.8042 0.5325 0.0000
-1.0097 0.6474 0.0000
-0.9006 0.3888 0.0000
-0.6549 0.6465 0.0000
-0.9298 0.4568 0.0000
-0.7312 0.4870 0.0000
-0.6911 0.6330 0.0000
-0.7694 0.6084 0.0000
-0.8063 0.6525 0.0000
-0.8732 0.5696 0.0000
-0.7550 0.6138 0.0000
-0.9520 0.5040 0.0000
-0.8095 0.5097 0.0000
-0.6596 0.5077 0.0000
-0.8556 0.6205 0.0000
-0.8086 0.5255 0.0000
-0.9196 0.5666 0.0000
-0.7423 0.5808 0.0000
-0.9262 0.7030 0.0000
-0.9953 0.3675 0.0000
-0.7567 0.5448 0.0000
-0.9099 0.4088 0.0000
-0.6251 0.5268 0.0000
-0.8059 0.5432 0.0000
-0.8180 0.5619 0.0000
-0.7903 0.4667 0.0000
-0.8948 0.3265 0.0000
-0.9458 0.5241 0.0000
-0.7653 0.5532 0.0000
-0.9060 0.3634 0.0000
-1.1517 0.6012 0.0000
-0.9349 0.4375 0.0000
-0.8648 0.3381 0.0000
-0.9150 0.6773 0.0000
-0.8314 0.5072 0.0000
-1.0422 0.6919 0.0000
-1.0282 0.6561 0.0000
-1.0993 0.6007 0.0000
-0.7280 0.3740 0.0000
-0.8494 0.5074 0.0000
-0.9749 0.3040 0.0000
-1.0272 0.4993 0.0000
-0.9058 0.3850 0.0000
-0.8025 0.4885 0.0000
-0.9765 0.3138 0.0000
-0.8505 0.3763 0.0000
-0.8947 0.5839 0.0000
-0.8561 0.3363 0.0000
-0.8921 0.3234 0.0000
-0.7490 0.3587 0.0000
-0.8909 0.4418 0.0000
-0.8974 0.2114 0.0000
-1.0597 0.3582 0.0000
-0.8848 0.3858 0.0000
-1.0141 0.2609 0.0000
-0.9602 0.3450 0.0000
-0.8704 0.3554 0.0000
-0.8630 0.3247 0.0000
-0.9505 0.3455 0.0000
-1.0047 0.4389 0.0000
-1.0094 0.3203 0.0000
-0.9369 0.2389 0.0000
-0.9636 0.2936 0.0000
-0.9715 0.3548 0.0000
-1.0141 0.3349 0.0000
-0.8048 0.3504 0.0000
-0.8226 0.3837 0.0000
-0.8612 0.2676 0.0000
-0.9295 0.3545 0.0000
-1.0027 0.2549 0.0000
-1.0919 0.4829 0.0000
-1.0415 0.4639 0.0000
-0.9924 0.2391 0.0000
-0.8847 0.2582 0.0000
-0.8915 0.2841 0.0000
-0.9016 0.2166 0.0000
-0.8678 0.3582 0.0000
-1.0442 0.5697 0.0000
-0.8995 0.5305 0.0000
-0.7947 0.2785 0.0000
-0.9972 0.2531 0.0000
-1.1402 0.2198 0.0000
-0.9337 0.4380 0.0000
-1.0369 0.3696 0.0000
-1.0860 0.2187 0.0000
-1.0077 0.3105 0.0000
-0.9173 0.3655 0.0000
-0.8871 0.2895 0.0000
-0.9263 0.4200 0.0000
-1.0175 0.3346 0.0000
-1.1483 0.2942 0.0000
-1.0168 0.2493 0.0000
-0.8655 0.2614 0.0000
-0.8820 0.3883 0.0000
-0.9326 0.3539 0.0000
-1.0052 0.2319 0.0000
-1.0258 0.3329 0.0000
-0.9330 0.1738 0.0000
-0.9599 0.3246 0.0000
-0.9802 0.1215 0.0000
-0.9640 0.0142 0.0000
-0.9012 0.1661 0.0000
-1.0259 0.2917 0.0000
-1.1163 0.3947 0.0000
-1.0287 0.1435 0.0000
-0.8793 0.2626 0.0000
-0.7371 0.1665 0.0000
-0.9951 0.0356 0.0000
-1.0170 0.1072 0.0000
-1.0294 0.0008 0.0000
-0.8192 0.0295 0.0000
-1.2662 0.0481 0.0000
-1.0470 0.0479 0.0000
-0.8775 0.1449 0.0000
-0.9854 0.2156 0.0000
-0.9600 0.2483 0.0000
-1.1002 0.0915 0.0000
-0.9233 -0.1113 0.0000
-1.1280 0.1881 0.0000
-1.0390 0.2274 0.0000
-0.9106 0.0099 0.0000
-0.9514 0.2457 0.0000
-0.9779 0.0236 0.0000
-0.9052 0.1807 0.0000
-0.9393 0.1846 0.0000
-1.2935 0.1969 0.0000
-0.8137 0.1483 0.0000
-0.9757 0.1701 0.0000
-0.9615 0.1615 0.0000
-0.9956 0.0155 0.0000
-1.0966 -0.0119 0.0000
-1.1338 -0.0230 0.0000
-0.8207 0.1550 0.0000
-1.0597 0.0364 0.0000
-0.9862 0.0057 0.0000
-0.9910 0.1448 0.0000
-1.0016 0.0965 0.0000
-0.9096 0.0315 0.0000
-0.9700 0.0236 0.0000
-1.0016 0.0178 0.0000
-1.0518 0.0635 0.0000
-0.9425 0.0566 0.0000
-0.9494 -0.0361 0.0000
-1.1198 0.0753 0.0000
-0.9308 0.0343 0.0000
-0.8649 0.1159 0.0000
-0.7317 0.0009 0.0000
-1.0997 -0.0572 0.0000
-1.0565 0.0602 0.0000
-1.2158 0.1402 0.0000
-1.0239 -0.0205 0.0000
-1.1079 -0.0114 0.0000
0.0013 0.4878 1.0000
0.0339 0.4368 1.0000
-0.0895 0.5464 1.0000
0.0099 0.5071 1.0000
0.1060 0.3810 1.0000
-0.0853 0.6048 1.0000
-0.1480 0.3439 1.0000
0.0822 0.4945 1.0000
0.0111 0.4573 1.0000
0.0038 0.4530 1.0000
0.1364 0.4183 1.0000
-0.0151 0.6333 1.0000
0.0040 0.6729 1.0000
-0.0090 0.5822 1.0000
-0.1638 0.4567 1.0000
-0.1565 0.5216 1.0000
-0.1190 0.4613 1.0000
-0.0257 0.3129 1.0000
-0.1591 0.3735 1.0000
0.1772 0.3910 1.0000
0.0952 0.4105 1.0000
0.0915 0.2293 1.0000
-0.0361 0.5028 1.0000
-0.0117 0.3950 1.0000
-0.0380 0.5144 1.0000
0.0352 0.3997 1.0000
0.0702 0.4500 1.0000
0.0277 0.5417 1.0000
0.0009 0.4106 1.0000
-0.0569 0.3937 1.0000
0.1667 0.3102 1.0000
-0.1049 0.4700 1.0000
-0.0059 0.3758 1.0000
0.0051 0.3699 1.0000
0.0952 0.2740 1.0000
-0.0904 0.3622 1.0000
-0.1493 0.2123 1.0000
0.1987 0.4212 1.0000
0.0117 0.4651 1.0000
-0.0907 0.3056 1.0000
0.0764 0.4221 1.0000
0.0660 0.0748 1.0000
-0.0813 0.3725 1.0000
-0.0194 0.5746 1.0000
0.1096 0.3723 1.0000
-0.0939 0.3088 1.0000
0.0427 0.4210 1.0000
0.1075 0.4074 1.0000
-0.0722 0.4412 1.0000
-0.1170 0.2423 1.0000
0.0650 0.2768 1.0000
-0.0778 0.2056 1.0000
-0.1311 0.3368 1.0000
0.1507 0.2695 1.0000
-0.0145 0.1282 1.0000
0.1178 0.4925 1.0000
-0.1523 0.1609 1.0000
-0.0395 0.2068 1.0000
0.0522 0.4205 1.0000
0.1313 0.3078 1.0000
-0.0409 0.1390 1.0000
-0.0471 0.4017 1.0000
0.0274 0.1982 1.0000
0.0163 0.3213 1.0000
-0.0955 0.3763 1.0000
0.0526 0.2091 1.0000
0.0824 0.2485 1.0000
0.0048 0.1974 1.0000
-0.0465 0.2843 1.0000
-0.0116 0.1190 1.0000
0.0594 0.3435 1.0000
0.0392 0.1458 1.0000
0.0856 0.3962 1.0000
-0.0987 0.2368 1.0000
0.0683 0.3107 1.0000
0.1482 0.1719 1.0000
-0.1181 0.2673 1.0000
-0.0318 0.0879 1.0000
0.1679 0.0876 1.0000
0.1947 0.2083 1.0000
0.0877 0.2014 1.0000
-0.1067 -0.0109 1.0000
0.0801 0.2196 1.0000
0.0683 0.0767 1.0000
0.0633 0.1467 1.0000
-0.0328 0.2524 1.0000
-0.1087 0.2059 1.0000
0.1043 0.2441 1.0000
-0.0332 0.1494 1.0000
0.2860 0.2015 1.0000
0.0805 0.1853 1.0000
0.0806 0.3466 1.0000
0.1719 0.1151 1.0000
0.1004 0.0807 1.0000
0.1977 -0.0247 1.0000
-0.0821 0.2579 1.0000
0.2953 0.1550 1.0000
0.0929 0.1700 1.0000
0.0186 0.1176 1.0000
0.0889 0.1592 1.0000
-0.0691 0.0420 1.0000
0.1729 0.0214 1.0000
-0.0092 0.2893 1.0000
0.0957 0.0234 1.0000
-0.0756 0.1504 1.0000
0.1653 0.0438 1.0000
-0.0130 0.0674 1.0000
0.0154 -0.0281 1.0000
0.0905 -0.0428 1.0000
0.1274 0.1194 1.0000
0.0206 -0.0820 1.0000
0.2626 -0.0430 1.0000
0.0423 0.0686 1.0000
0.1702 0.0180 1.0000
0.1582 -0.0002 1.0000
0.0170 0.1788 1.0000
0.3649 0.2020 1.0000
0.1322 0.2121 1.0000
0.1556 -0.0227 1.0000
0.1686 0.0119 1.0000
0.0257 -0.0722 1.0000
0.2063 -0.1707 1.0000
0.1885 -0.1526 1.0000
-0.0820 -0.1772 1.0000
0.3289 -0.0166 1.0000
0.1430 0.1413 1.0000
0.2298 -0.1434 1.0000
0.2255 0.0106 1.0000
0.1065 -0.0090 1.0000
0.2708 -0.1037 1.0000
0.1851 -0.0196 1.0000
-0.0325 -0.1025 1.0000
0.1687 0.1039 1.0000
0.2517 0.0304 1.0000
0.0723 0.1472 1.0000
0.1776 -0.1371 1.0000
0.1400 0.0496 1.0000
0.1614 0.0452 1.0000
0.2733 -0.0070 1.0000
0.0794 -0.0370 1.0000
0.1720 0.1319 1.0000
0.0072 -0.0710 1.0000
0.1138 -0.0275 1.0000
-0.0692 0.0470 1.0000
0.1783 -0.2524 1.0000
0.1432 -0.0105 1.0000
0.0226 -0.0745 1.0000
0.0784 -0.1338 1.0000
0.1892 -0.0633 1.0000
0.1419 -0.0578 1.0000
0.2733 -0.1164 1.0000
0.3371 0.0544 1.0000
0.1536 -0.1590 1.0000
0.0325 -0.1112 1.0000
0.1651 -0.0240 1.0000
0.0530 -0.1330 1.0000
0.3034 -0.1817 1.0000
0.1329 -0.2566 1.0000
0.4737 -0.1900 1.0000
0.0842 -0.1989 1.0000
0.1394 -0.1488 1.0000
0.3020 -0.1550 1.0000
0.1298 -0.2735 1.0000
0.2269 -0.1274 1.0000
0.3805 -0.1257 1.0000
0.2202 -0.2432 1.0000
0.2022 -0.1852 1.0000
0.1984 -0.2405 1.0000
0.2920 -0.1620 1.0000
0.2209 -0.3224 1.0000
0.2930 -0.1054 1.0000
0.1625 -0.0583 1.0000
0.1127 -0.1626 1.0000
0.2248 -0.2953 1.0000
0.2737 0.0035 1.0000
0.2643 -0.2162 1.0000
0.3050 -0.1624 1.0000
0.2659 -0.2186 1.0000
0.4082 -0.1335 1.0000
0.2160 -0.1930 1.0000
0.1976 -0.2461 1.0000
0.2105 -0.3018 1.0000
0.3552 -0.2205 1.0000
0.3358 -0.2614 1.0000
0.2773 -0.2685 1.0000
0.3582 -0.2252 1.0000
0.2161 -0.3676 1.0000
0.3197 -0.2772 1.0000
0.2935 -0.2585 1.0000
0.3935 -0.1579 1.0000
0.3458 -0.2768 1.0000
0.3507 -0.0467 1.0000
0.2239 -0.2038 1.0000
0.1452 -0.0841 1.0000
0.2734 -0.1486 1.0000
0.1439 -0.0500 1.0000
0.2836 -0.1780 1.0000
0.3375 -0.2610 1.0000
0.4941 -0.4031 1.0000
0.3585 -0.1500 1.0000
0.3287 -0.2557 1.0000
0.3206 -0.3695 1.0000
0.3418 -0.1982 1.0000
0.3480 -0.2795 1.0000
0.2953 -0.2829 1.0000
0.4732 -0.4664 1.0000
0.3546 -0.2932 1.0000
0.4994 -0.2576 1.0000
0.5055 -0.4783 1.0000
0.4062 -0.2406 1.0000
0.5025 -0.4354 1.0000
0.3512 -0.2673 1.0000
0.3204 -0.1549 1.0000
0.3394 -0.0757 1.0000
0.4819 -0.1867 1.0000
0.4357 -0.3908 1.0000
0.3400 -0.2298 1.0000
0.4542 -0.1589 1.0000
0.3430 -0.3782 1.0000
0.4790 -0.3757 1.0000
0.4837 -0.1773 1.0000
0.4453 -0.3356 1.0000
0.4072 -0.2430 1.0000
0.4075 -0.0850 1.0000
0.3108 -0.4076 1.0000
0.3155 -0.3687 1.0000
0.1987 -0.3752 1.0000
0.3547 -0.3068 1.0000
0.4652 -0.4411 1.0000
0.5169 -0.1393 1.0000
0.4095 -0.1644 1.0000
0.4537 -0.1254 1.0000
0.5490 -0.4830 1.0000
0.4426 -0.2236 1.0000
0.4473 -0.3350 1.0000
0.5747 -0.4046 1.0000
0.4530 -0.3036 1.0000
0.4213 -0.3403 1.0000
0.5357 -0.2972 1.0000
0.3809 -0.4532 1.0000
0.3864 -0.3449 1.0000
0.4529 -0.4305 1.0000
0.4126 -0.5015 1.0000
0.5178 -0.3557 1.0000
0.3536 -0.3510 1.0000
0.6174 -0.4301 1.0000
0.6183 -0.3906 1.0000
0.5101 -0.3506 1.0000
0.6341 -0.3467 1.0000
0.3834 -0.4957 1.0000
0.3479 -0.5379 1.0000
0.5095 -0.4646 1.0000
0.5004 -0.4413 1.0000
0.4351 -0.4210 1.0000
0.5862 -0.2821 1.0000
0.5566 -0.4760 1.0000
0.5875 -0.3101 1.0000
0.5543 -0.4414 1.0000
0.6015 -0.3407 1.0000
0.2226 -0.3205 1.0000
0.3466 -0.3205 1.0000
0.5263 -0.2694 1.0000
0.5356 -0.4794 1.0000
0.5345 -0.2866 1.0000
0.5556 -0.4059 1.0000
0.6310 -0.3753 1.0000
0.5599 -0.2616 1.0000
0.7197 -0.3387 1.0000
0.5394 -0.2522 1.0000
0.6901 -0.3318 1.0000
0.4540 -0.3914 1.0000
0.5050 -0.4231 1.0000
0.6072 -0.3990 1.0000
0.5395 -0.2834 1.0000
0.4212 -0.3394 1.0000
0.4089 -0.3759 1.0000
0.5098 -0.3280 1.0000
0.6110 -0.3928 1.0000
0.5044 -0.4847 1.0000
0.6308 -0.3625 1.0000
0.9068 -0.4002 1.0000
0.7154 -0.5798 1.0000
0.4887 -0.4612 1.0000
0.5058 -0.2786 1.0000
0.5884 -0.2906 1.0000
0.7820 -0.4261 1.0000
0.6874 -0.4375 1.0000
0.6950 -0.3851 1.0000
0.6327 -0.3844 1.0000
0.8214 -0.3651 1.0000
0.6855 -0.4254 1.0000
0.5556 -0.5420 1.0000
0.6932 -0.5777 1.0000
0.5881 -0.3140 1.0000
0.8602 -0.6101 1.0000
0.8354 -0.4661 1.0000
0.6752 -0.4576 1.0000
0.7887 -0.6084 1.0000
0.7302 -0.5434 1.0000
0.7457 -0.2960 1.0000
0.6925 -0.4142 1.0000
0.7375 -0.5328 1.0000
0.8517 -0.2835 1.0000
0.7748 -0.4480 1.0000
0.6624 -0.5192 1.0000
0.8837 -0.3164 1.0000
0.7103 -0.6170 1.0000
0.4374 -0.5685 1.0000
0.7116 -0.3213 1.0000
0.6635 -0.4120 1.0000
0.8631 -0.4508 1.0000
0.7225 -0.5956 1.0000
0.6206 -0.4242 1.0000
0.7248 -0.4547 1.0000
0.7442 -0.4016 1.0000
0.6745 -0.5026 1.0000
0.9467 -0.5500 1.0000
0.7330 -0.5300 1.0000
0.8097 -0.3698 1.0000
0.7195 -0.5162 1.0000
0.7455 -0.4210 1.0000
0.7035 -0.5125 1.0000
0.5444 -0.6140 1.0000
0.7744 -0.3870 1.0000
0.8193 -0.5875 1.0000
0.6538 -0.4611 1.0000
0.6327 -0.3728 1.0000
0.8085 -0.6410 1.0000
0.7096 -0.5535 1.0000
0.7330 -0.6308 1.0000
0.7270 -0.5511 1.0000
0.7474 -0.3706 1.0000
0.8332 -0.5835 1.0000
0.7933 -0.5728 1.0000
0.8009 -0.3981 1.0000
0.8603 -0.2577 1.0000
0.8768 -0.5783 1.0000
0.9243 -0.3797 1.0000
0.9569 -0.5977 1.0000
0.8369 -0.3758 1.0000
0.6873 -0.5395 1.0000
0.7173 -0.5834 1.0000
0.7629 -0.3657 1.0000
0.8448 -0.5776 1.0000
0.7689 -0.4777 1.0000
0.8755 -0.3579 1.0000
0.9307 -0.6360 1.0000
0.8220 -0.3863 1.0000
0.8270 -0.3204 1.0000
0.7834 -0.4370 1.0000
0.8113 -0.5457 1.0000
1.0114 -0.5079 1.0000
0.9871 -0.4482 1.0000
0.9853 -0.5848 1.0000
0.8920 -0.4539 1.0000
0.8334 -0.3337 1.0000
0.8448 -0.5270 1.0000
0.8260 -0.7116 1.0000
1.1105 -0.5180 1.0000
0.8902 -0.5178 1.0000
1.0812 -0.5947 1.0000
1.0114 -0.5408 1.0000
0.8879 -0.4419 1.0000
1.0506 -0.5502 1.0000
0.8791 -0.6159 1.0000
1.0705 -0.5567 1.0000
0.7794 -0.3584 1.0000
0.8316 -0.4216 1.0000
0.9911 -0.4708 1.0000
0.9185 -0.4632 1.0000
0.8143 -0.4410 1.0000
1.1410 -0.4115 1.0000
0.7876 -0.5984 1.0000
0.9749 -0.4513 1.0000
0.9872 -0.5493 1.0000
1.0616 -0.3836 1.0000
0.9831 -0.4271 1.0000
0.7526 -0.5937 1.0000
0.9826 -0.5487 1.0000
1.0522 -0.3984 1.0000
1.0737 -0.5620 1.0000
0.8750 -0.4439 1.0000
0.8476 -0.4342 1.0000
1.0168 -0.6169 1.0000
1.0686 -0.4995 1.0000
1.0404 -0.5075 1.0000
1.0902 -0.4064 1.0000
1.1021 -0.3974 1.0000
1.0522 -0.3366 1.0000
1.1179 -0.5525 1.0000
0.9556 -0.4773 1.0000
0.9385 -0.5949 1.0000
1.0972 -0.5581 1.0000
0.9842 -0.5004 1.0000
1.0890 -0.5172 1.0000
1.0481 -0.4108 1.0000
1.1243 -0.5183 1.0000
1.3407 -0.4762 1.0000
1.2116 -0.5512 1.0000
0.9663 -0.5739 1.0000
1.0800 -0.5439 1.0000
1.2446 -0.5058 1.0000
1.1612 -0.4980 1.0000
1.0759 -0.4891 1.0000
1.2948 -0.5691 1.0000
1.2043 -0.5944 1.0000
1.0858 -0.4909 1.0000
1.1685 -0.3424 1.0000
1.1350 -0.5745 1.0000
1.2092 -0.5260 1.0000
1.1722 -0.5006 1.0000
0.9582 -0.4375 1.0000
1.2150 -0.3950 1.0000
1.3408 -0.6065 1.0000
1.2166 -0.4454 1.0000
1.1271 -0.4459 1.0000
1.2232 -0.6068 1.0000
1.2019 -0.5760 1.0000
1.1163 -0.6609 1.0000
1.1382 -0.5030 1.0000
1.2447 -0.4818 1.0000
1.0396 -0.3948 1.0000
1.1861 -0.4314 1.0000
1.2986 -0.3371 1.0000
1.4023 -0.4857 1.0000
1.2413 -0.5855 1.0000
1.3205 -0.5952 1.0000
1.0379 -0.3928 1.0000
1.1704 -0.3972 1.0000
1.2674 -0.6370 1.0000
0.9587 -0.5827 1.0000
1.2364 -0.5942 1.0000
1.1736 -0.6170 1.0000
1.2599 -0.4610 1.0000
1.1988 -0.3293 1.0000
1.4008 -0.4114 1.0000
1.0751 -0.5774 1.0000
1.2999 -0.5287 1.0000
1.2145 -0.3748 1.0000
1.3183 -0.3322 1.0000
1.2284 -0.3250 1.0000
1.2199 -0.3114 1.0000
1.2899 -0.5462 1.0000
1.1203 -0.4892 1.0000
1.2618 -0.3720 1.0000
1.2804 -0.4998 1.0000
1.4031 -0.4778 1.0000
1.2418 -0.3967 1.0000
1.2544 -0.3870 1.0000
1.2477 -0.4739 1.0000
1.3266 -0.4877 1.0000
1.3140 -0.3674 1.0000
1.3604 -0.3995 1.0000
1.2598 -0.3610 1.0000
1.3943 -0.3445 1.0000
1.2586 -0.4608 1.0000
1.3986 -0.5030 1.0000
1.3166 -0.2481 1.0000
1.5383 -0.3153 1.0000
1.4409 -0.5398 1.0000
1.4022 -0.4723 1.0000
1.2490 -0.4858 1.0000
1.3704 -0.4881 1.0000
1.3077 -0.3527 1.0000
1.3811 -0.4070 1.0000
1.3817 -0.4964 1.0000
1.2374 -0.3962 1.0000
1.3276 -0.6268 1.0000
1.3429 -0.5333 1.0000
1.4559 -0.3703 1.0000
1.4396 -0.4873 1.0000
1.4670 -0.3872 1.0000
1.3567 -0.4629 1.0000
1.4908 -0.4632 1.0000
1.4357 -0.3108 1.0000
1.6001 -0.2461 1.0000
1.5031 -0.5613 1.0000
1.3479 -0.4638 1.0000
1.5859 -0.4772 1.0000
1.4630 -0.3954 1.0000
1.3347 -0.3655 1.0000
1.4718 -0.5275 1.0000
1.5581 -0.6087 1.0000
1.3805 -0.3010 1.0000
1.3240 -0.3613 1.0000
1.3174 -0.4038 1.0000
1.2194 -0.4769 1.0000
1.3003 -0.4309 1.0000
1.4168 -0.4562 1.0000
1.5418 -0.4756 1.0000
1.5292 -0.2220 1.0000
1.4833 -0.4687 1.0000
1.3482 -0.4520 1.0000
1.5473 -0.3634 1.0000
1.5742 -0.3000 1.0000
1.4983 -0.3276 1.0000
1.6734 -0.2314 1.0000
1.4612 -0.2719 1.0000
1.5537 -0.2552 1.0000
1.5660 -0.4641 1.0000
1.3405 -0.3074 1.0000
1.6963 -0.4401 1.0000
1.4908 -0.4640 1.0000
1.6310 -0.5888 1.0000
1.2905 -0.3186 1.0000
1.5122 -0.4019 1.0000
1.4939 -0.2980 1.0000
1.4862 -0.4592 1.0000
1.4384 -0.2584 1.0000
1.4822 -0.4836 1.0000
1.5485 -0.2923 1.0000
1.6747 -0.3187 1.0000
1.4793 -0.2909 1.0000
1.6215 -0.3398 1.0000
1.5478 -0.3076 1.0000
1.5488 -0.3063 1.0000
1.4571 -0.4440 1.0000
1.4791 -0.2624 1.0000
1.5921 -0.2202 1.0000
1.5510 -0.4362 1.0000
1.6876 -0.3214 1.0000
1.7049 -0.2573 1.0000
1.7988 -0.3366 1.0000
1.6734 -0.2231 1.0000
1.5313 -0.3270 1.0000
1.4440 -0.4622 1.0000
1.6062 -0.2255 1.0000
1.6607 -0.2683 1.0000
1.6866 -0.3588 1.0000
1.5764 -0.2235 1.0000
1.6503 -0.3158 1.0000
1.7424 -0.4214 1.0000
1.5617 -0.3180 1.0000
1.6986 -0.2868 1.0000
1.4941 -0.2330 1.0000
1.7322 -0.2079 1.0000
1.6887 -0.4666 1.0000
1.5400 -0.2284 1.0000
1.6278 -0.2217 1.0000
1.5099 -0.2774 1.0000
1.5008 -0.4640 1.0000
1.6725 -0.1816 1.0000
1.6707 -0.2665 1.0000
1.4932 -0.1599 1.0000
1.6481 -0.0618 1.0000
1.7500 -0.4555 1.0000
1.7344 -0.3919 1.0000
1.5861 -0.2745 1.0000
1.6558 -0.2069 1.0000
1.5660 -0.3590 1.0000
1.7315 -0.2424 1.0000
1.6920 -0.4576 1.0000
1.6599 -0.3245 1.0000
1.5886 -0.1404 1.0000
1.5742 -0.3390 1.0000
1.6537 -0.1818 1.0000
1.6014 -0.1005 1.0000
1.8379 -0.3092 1.0000
1.6714 -0.2960 1.0000
1.5304 -0.1849 1.0000
1.7753 -0.0111 1.0000
1.6151 -0.0757 1.0000
1.8421 -0.1866 1.0000
1.7710 -0.1161 1.0000
1.9112 -0.1526 1.0000
1.7107 -0.2840 1.0000
1.7501 -0.0920 1.0000
1.7470 -0.2694 1.0000
1.7343 -0.2012 1.0000
1.7548 -0.3515 1.0000
1.7862 -0.1227 1.0000
1.7785 -0.1795 1.0000
1.5563 -0.1780 1.0000
1.8457 -0.2590 1.0000
1.5436 -0.3239 1.0000
1.7767 -0.1294 1.0000
1.8367 -0.1691 1.0000
1.6008 -0.2423 1.0000
1.8355 -0.1433 1.0000
1.8214 -0.1107 1.0000
1.7386 -0.1684 1.0000
1.9475 -0.1063 1.0000
1.7517 -0.0990 1.0000
1.7895 -0.3571 1.0000
1.8349 0.0440 1.0000
1.6946 0.0105 1.0000
1.7496 -0.1023 1.0000
1.8849 -0.2004 1.0000
1.9048 -0.2465 1.0000
1.6956 -0.1812 1.0000
1.8519 -0.1526 1.0000
1.6363 -0.1369 1.0000
1.7125 -0.0388 1.0000
1.7591 -0.1015 1.0000
1.7555 -0.0619 1.0000
1.7802 -0.0694 1.0000
1.5417 -0.0889 1.0000
1.8450 -0.1152 1.0000
1.8730 -0.0180 1.0000
1.9389 -0.0780 1.0000
1.6196 -0.3136 1.0000
1.6532 -0.0855 1.0000
1.8001 -0.0506 1.0000
1.7558 -0.1485 1.0000
1.8762 -0.0058 1.0000
1.7974 -0.0718 1.0000
1.8659 -0.0140 1.0000
1.7134 -0.1330 1.0000
1.7071 -0.1082 1.0000
1.9137 0.0006 1.0000
1.7250 0.0007 1.0000
1.8457 -0.0964 1.0000
1.6987 -0.0610 1.0000
1.9097 -0.2563 1.0000
1.8043 0.1890 1.0000
1.9134 -0.0069 1.0000
1.7747 -0.0972 1.0000
1.8423 0.1345 1.0000
1.8994 -0.1094 1.0000
1.9727 -0.0479 1.0000
2.0269 -0.0717 1.0000
1.7590 0.0060 1.0000
1.9597 0.0959 1.0000
1.8795 -0.1030 1.0000
1.8151 -0.2024 1.0000
1.7765 -0.0148 1.0000
1.9087 -0.0273 1.0000
1.8662 -0.0293 1.0000
1.9491 -0.0759 1.0000
1.9597 0.2137 1.0000
1.9253 -0.0314 1.0000
1.8264 0.1460 1.0000
1.7693 -0.0667 1.0000
1.7675 -0.0954 1.0000
1.7814 0.1151 1.0000
1.9981 -0.0299 1.0000
1.9105 0.1195 1.0000
1.9017 -0.0482 1.0000
1.7465 0.1521 1.0000
1.9451 0.1125 1.0000
1.7865 0.0821 1.0000
1.9620 0.0937 1.0000
1.8265 0.1673 1.0000
1.7500 0.1628 1.0000
2.0127 0.2309 1.0000
1.8721 -0.0225 1.0000
1.9875 0.0114 1.0000
1.9143 0.0534 1.0000
1.8214 0.1210 1.0000
1.7741 0.1520 1.0000
1.8183 -0.0766 1.0000
1.9117 0.1436 1.0000
1.9761 0.1861 1.0000
1.6847 0.0076 1.0000
1.9323 0.2639 1.0000
2.0017 0.3060 1.0000
1.8724 0.1472 1.0000
1.8165 0.0832 1.0000
1.8545 0.0641 1.0000
1.8902 0.1317 1.0000
1.9334 0.1897 1.0000
1.9466 0.1048 1.0000
1.8819 0.1124 1.0000
1.8907 0.1962 1.0000
2.0237 0.2784 1.0000
1.8588 0.2019 1.0000
1.8005 0.1962 1.0000
2.0497 0.1478 1.0000
2.0501 0.0529 1.0000
1.8554 0.1571 1.0000
2.0478 0.1329 1.0000
1.9016 0.0795 1.0000
1.9686 0.3073 1.0000
2.0197 0.2563 1.0000
1.9302 0.1343 1.0000
2.0199 0.1914 1.0000
1.9361 0.2884 1.0000
1.9350 0.1188 1.0000
2.0469 0.2147 1.0000
1.8535 0.0993 1.0000
1.9680 0.4484 1.0000
1.9203 0.1850 1.0000
2.1131 0.2169 1.0000
1.8171 0.0694 1.0000
2.0857 0.2974 1.0000
2.0468 0.2290 1.0000
1.8926 0.2171 1.0000
1.9800 0.1590 1.0000
2.0236 0.1210 1.0000
1.9352 0.2306 1.0000
1.9004 0.0345 1.0000
2.0153 0.1835 1.0000
2.1041 0.2290 1.0000
1.9184 0.2764 1.0000
2.0789 0.2150 1.0000
2.0759 0.4195 1.0000
2.0744 0.4422 1.0000
2.1056 0.4351 1.0000
2.1376 0.3085 1.0000
1.9352 0.0656 1.0000
1.8467 0.2511 1.0000
1.9416 0.2847 1.0000
1.8806 0.1446 1.0000
1.9684 0.2893 1.0000
1.9015 0.2382 1.0000
1.8890 0.2768 1.0000
1.8981 0.4466 1.0000
2.0086 0.2275 1.0000
1.9572 0.2108 1.0000
2.0872 0.4714 1.0000
2.1119 0.2227 1.0000
1.9782 0.3011 1.0000
2.0442 0.2446 1.0000
1.9210 0.3083 1.0000
2.0046 0.4231 1.0000
1.9570 0.4243 1.0000
2.0726 0.3407 1.0000
1.8664 0.2491 1.0000
2.0507 0.3227 1.0000
1.8208 0.4358 1.0000
2.0056 0.2381 1.0000
2.1111 0.4665 1.0000
2.0075 0.2596 1.0000
1.8538 0.3605 1.0000
1.8231 0.4358 1.0000
1.8539 0.4160 1.0000
1.9665 0.4749 1.0000
1.9020 0.4352 1.0000
1.8566 0.4916 1.0000
1.9850 0.4658 1.0000
1.8648 0.4703 1.0000
2.0278 0.4609 1.0000
2.0287 0.4094 1.0000
2.1219 0.4174 1.0000
1.9241 0.4313 1.0000
1.9032 0.3949 1.0000
1.9808 0.4075 1.0000
2.0187 0.6443 1.0000
2.0560 0.5611 1.0000
1.9487 0.3994 1.0000
1.9615 0.5475 1.0000
1.7846 0.3631 1.0000
2.0098 0.4482 1.0000
2.1965 0.5196 1.0000
1.9336 0.3213 1.0000
1.9658 0.3529 1.0000
2.0466 0.5035 1.0000
2.0320 0.6995 1.0000
1.9092 0.4766 1.0000
1.8787 0.4919 1.0000
