-0.9381 -0.0390 0.0000
0.5359 0.8372 0.0000
0.9262 0.4730 0.0000
-0.0689 0.6148 1.0000
0.8659 -0.6049 1.0000
1.5100 -0.4785 1.0000
-1.0667 0.0521 0.0000
1.7379 -0.2220 1.0000
0.5068 -0.2002 1.0000
-1.0658 0.0781 0.0000
0.7973 -0.3682 1.0000
1.5610 -0.1853 1.0000
1.7728 0.1375 1.0000
-0.3599 0.8800 0.0000
-0.0311 0.9774 0.0000
0.9097 0.1715 0.0000
-1.0285 -0.0813 0.0000
0.9147 -0.4737 1.0000
1.1803 -0.4496 1.0000
-0.4941 0.8366 0.0000
0.0121 0.2429 1.0000
0.2051 -0.2872 1.0000
0.1077 0.2115 1.0000
0.2025 1.0170 0.0000
1.6616 -0.2840 1.0000
0.9310 -0.5278 1.0000
0.0567 0.5003 1.0000
0.2293 -0.2894 1.0000
1.6348 -0.3750 1.0000
0.4399 -0.2730 1.0000
0.4562 1.0964 0.0000
1.4443 -0.5589 1.0000
2.1265 0.3891 1.0000
-0.9541 0.2631 0.0000
0.6614 -0.5221 1.0000
0.0870 0.4507 1.0000
0.5753 -0.5889 1.0000
0.0376 -0.2510 1.0000
1.5571 -0.3634 1.0000
0.8382 0.6622 0.0000
1.8221 -0.0711 1.0000
-0.9536 0.3907 0.0000
1.7178 -0.5196 1.0000
0.8689 0.1642 0.0000
1.9854 0.0990 1.0000
0.9144 0.4489 0.0000
0.8662 0.2789 0.0000
1.0101 0.8289 0.0000
1.8629 -0.1077 1.0000
-0.6760 0.6586 0.0000
0.4572 0.8638 0.0000
0.3422 1.0519 0.0000
-0.3786 0.9841 0.0000
-0.3847 0.9928 0.0000
1.2016 -0.5691 1.0000
-1.0564 0.1584 0.0000
0.8125 -0.3651 1.0000
1.3796 -0.7656 1.0000
2.1101 0.1668 1.0000
-0.9385 0.3795 0.0000
-0.7375 0.2607 0.0000
0.5015 1.0255 0.0000
0.5623 -0.4225 1.0000
-0.7747 0.7142 0.0000
1.1356 0.6006 0.0000
1.9990 0.6582 1.0000
1.1008 -0.3735 1.0000
-0.0319 0.4794 1.0000
0.4861 -0.1804 1.0000
0.8945 -0.3087 1.0000
0.2345 -0.0856 1.0000
1.9899 0.5613 1.0000
-0.4374 0.8026 0.0000
0.2904 -0.0466 1.0000
1.3519 -0.3983 1.0000
1.7955 -0.2086 1.0000
-0.1179 0.2359 1.0000
2.0747 0.1098 1.0000
-0.6272 0.8784 0.0000
0.2520 -0.4133 1.0000
0.7243 -0.4612 1.0000
-0.9443 -0.1183 0.0000
1.0120 0.5723 0.0000
-0.2083 0.8620 0.0000
-0.3363 1.0089 0.0000
-0.1932 0.1207 1.0000
0.8906 0.1655 0.0000
-0.6331 0.9154 0.0000
-1.0177 0.2969 0.0000
0.0698 1.1833 0.0000
1.2445 -0.5971 1.0000
1.3003 -0.5721 1.0000
1.7768 -0.0325 1.0000
0.5500 0.7271 0.0000
-0.0898 1.1728 0.0000
-0.3229 0.6409 0.0000
1.0019 -0.5095 1.0000
1.9900 0.2609 1.0000
0.4648 -0.2410 1.0000
2.0957 0.5192 1.0000
-0.8643 0.7678 0.0000
-0.3546 1.0118 0.0000
0.9657 0.2514 0.0000
0.4880 0.7660 0.0000
2.1094 0.0979 1.0000
0.1554 1.0670 0.0000
1.6118 -0.3931 1.0000
-0.5944 0.8599 0.0000
-0.8438 -0.1371 0.0000
1.4773 -0.3133 1.0000
1.3899 -0.2535 1.0000
-0.6179 0.9321 0.0000
1.3285 -0.3815 1.0000
0.4528 0.9326 0.0000
-0.6095 0.9091 0.0000
0.3261 -0.2128 1.0000
0.8323 -0.4054 1.0000
0.9598 -0.4280 1.0000
-0.2770 0.9307 0.0000
0.9798 -0.4645 1.0000
0.1864 -0.1007 1.0000
0.0265 0.8778 0.0000
0.9391 0.0126 0.0000
-1.2297 0.2624 0.0000
0.3019 0.9376 0.0000
0.1231 0.3951 1.0000
-0.3572 1.0630 0.0000
-0.7898 0.4971 0.0000
1.6025 -0.3753 1.0000
0.5781 -0.6065 1.0000
1.1998 -0.2911 1.0000
1.5520 -0.2044 1.0000
1.7234 -0.2173 1.0000
0.7428 0.5211 0.0000
0.6882 0.8268 0.0000
0.1485 0.9660 0.0000
-0.4770 0.9280 0.0000
0.3719 -0.0878 1.0000
1.0786 -0.3961 1.0000
1.9756 0.2964 1.0000
-0.4638 0.9122 0.0000
1.7021 -0.3356 1.0000
0.7537 -0.5723 1.0000
1.8412 0.0437 1.0000
0.6076 0.7208 0.0000
1.6754 -0.3781 1.0000
1.0111 0.2100 0.0000
1.0019 -0.4418 1.0000
0.5789 -0.3523 1.0000
-0.1538 0.8963 0.0000
0.1122 0.2021 1.0000
-0.0834 0.4807 1.0000
-0.1898 0.3413 1.0000
0.9188 -0.0280 0.0000
0.7738 -0.5401 1.0000
1.6165 -0.4677 1.0000
2.0378 0.4917 1.0000
2.0026 0.4608 1.0000
0.7889 0.5898 0.0000
1.2021 -0.5145 1.0000
-1.0176 0.4038 0.0000
1.4636 -0.2759 1.0000
0.6969 0.6462 0.0000
0.9255 0.2470 0.0000
1.0238 -0.5369 1.0000
-0.1350 1.1580 0.0000
-0.6099 0.8542 0.0000
0.1029 0.0497 1.0000
1.0034 0.0812 0.0000
0.8184 -0.4764 1.0000
0.0908 1.0447 0.0000
0.5003 0.8439 0.0000
0.4224 -0.2967 1.0000
-0.9927 0.1767 0.0000
1.5144 -0.2185 1.0000
0.1652 0.0572 1.0000
0.4733 -0.4227 1.0000
0.1065 0.1315 1.0000
0.4983 1.1017 0.0000
0.3287 -0.0789 1.0000
-0.0678 1.1578 0.0000
0.9746 0.1222 0.0000
0.3042 1.0531 0.0000
1.2118 -0.6634 1.0000
0.6847 -0.4133 1.0000
0.2536 -0.0047 1.0000
1.1949 -0.3252 1.0000
0.3258 0.8512 0.0000
0.1535 1.0459 0.0000
1.1423 -0.4275 1.0000
0.3989 0.9380 0.0000
0.8055 0.8108 0.0000
-0.7587 0.5796 0.0000
-1.0883 0.1394 0.0000
-0.1861 0.9646 0.0000
-1.1036 0.2961 0.0000
1.7798 -0.2064 1.0000
1.5273 -0.3173 1.0000
1.4032 -0.3929 1.0000
0.2903 0.2521 1.0000
0.2498 -0.0975 1.0000
0.9958 0.1081 0.0000
0.0761 0.4163 1.0000
0.4642 -0.2628 1.0000
0.1388 1.0996 0.0000
-0.9731 0.2325 0.0000
0.2230 0.9353 0.0000
1.2385 -0.4490 1.0000
-0.8612 0.3792 0.0000
0.7935 0.4432 0.0000
-0.0294 0.8928 0.0000
-0.0653 0.1090 1.0000
-0.4891 0.9925 0.0000
-0.5900 0.8089 0.0000
1.9944 0.2155 1.0000
1.1364 -0.2809 1.0000
0.7236 0.6716 0.0000
0.0951 -0.1250 1.0000
-0.2875 0.8860 0.0000
0.2951 0.0483 1.0000
-0.0025 0.9449 0.0000
-0.0296 0.0988 1.0000
-0.1486 0.8375 0.0000
0.9159 -0.6505 1.0000
-0.8216 0.3243 0.0000
1.4331 -0.5084 1.0000
0.3283 0.0450 1.0000
-0.5245 0.6734 0.0000
0.7900 -0.3404 1.0000
0.8930 0.3682 0.0000
-0.9119 0.3301 0.0000
0.3492 0.8939 0.0000
0.1845 -0.0067 1.0000
0.1057 0.1282 1.0000
-0.1383 1.0794 0.0000
-1.1299 0.2784 0.0000
0.8601 0.1868 0.0000
1.9623 0.5218 1.0000
0.9766 0.1452 0.0000
0.9123 0.0851 0.0000
0.6667 0.6896 0.0000
0.3328 -0.1167 1.0000
2.1994 0.3471 1.0000
-0.8757 0.0045 0.0000
0.0382 0.9774 0.0000
1.7040 -0.1552 1.0000
1.0925 -0.4187 1.0000
0.5314 0.9202 0.0000
-0.6345 0.4091 0.0000
-1.0628 0.5528 0.0000
1.0507 -0.5899 1.0000
1.7106 -0.0662 1.0000
0.9607 0.5218 0.0000
0.5748 0.7605 0.0000
0.8126 -0.4261 1.0000
0.1553 0.9619 0.0000
0.4859 -0.6520 1.0000
-0.0256 0.3145 1.0000
0.6723 0.6651 0.0000
0.7706 -0.7149 1.0000
-1.0488 0.1242 0.0000
1.5753 -0.4810 1.0000
0.0431 0.5939 1.0000
-0.4767 0.8104 0.0000
1.3406 -0.3924 1.0000
2.0624 0.3463 1.0000
1.8656 0.0730 1.0000
-0.9116 0.7650 0.0000
1.9390 0.1662 1.0000
1.3426 -0.3430 1.0000
-0.9393 0.6951 0.0000
1.7637 0.2111 1.0000
1.7425 -0.0157 1.0000
-0.6753 0.6625 0.0000
0.6363 -0.2030 1.0000
0.5515 -0.4062 1.0000
0.8216 0.6869 0.0000
0.3258 -0.2297 1.0000
0.2455 0.8355 0.0000
0.8434 0.8801 0.0000
0.4180 0.8065 0.0000
-0.7948 0.5576 0.0000
1.6637 -0.2439 1.0000
0.0892 0.0450 1.0000
0.2521 0.8586 0.0000
0.5731 -0.3619 1.0000
-0.0791 0.2672 1.0000
0.7131 0.6919 0.0000
0.7583 0.6811 0.0000
0.0185 0.9942 0.0000
-0.6895 0.6338 0.0000
1.7303 -0.0422 1.0000
-0.7187 0.5329 0.0000
-0.9421 0.6956 0.0000
-0.2158 0.4070 1.0000
1.1227 -0.4751 1.0000
-0.4733 1.0007 0.0000
0.7338 -0.2584 1.0000
-0.8844 0.2204 0.0000
-0.6005 0.6703 0.0000
0.2908 -0.1372 1.0000
0.6916 0.7982 0.0000
1.7397 0.0582 1.0000
0.4119 -0.4066 1.0000
1.7903 0.0668 1.0000
1.7571 -0.3445 1.0000
1.7396 -0.2254 1.0000
0.7834 0.5781 0.0000
0.0984 -0.0812 1.0000
1.0751 -0.0292 0.0000
1.1448 0.4137 0.0000
0.9957 0.4198 0.0000
-0.7920 0.8086 0.0000
-1.0000 0.2582 0.0000
1.3648 -0.4771 1.0000
-0.2870 0.9957 0.0000
0.3748 -0.2005 1.0000
0.2787 1.1135 0.0000
1.8750 -0.0838 1.0000
0.1727 0.1098 1.0000
-0.7917 0.5960 0.0000
0.1863 -0.0910 1.0000
-0.8585 0.7012 0.0000
2.2281 0.3329 1.0000
0.2722 -0.0565 1.0000
-0.8890 0.4478 0.0000
0.8141 0.5229 0.0000
0.9504 -0.2405 1.0000
0.1530 0.2162 1.0000
0.0873 1.0253 0.0000
1.7654 -0.2521 1.0000
-0.8801 0.5538 0.0000
0.4163 -0.1839 1.0000
1.1981 0.1860 0.0000
0.1103 0.1505 1.0000
-0.1766 0.9530 0.0000
0.7389 0.3439 0.0000
1.8321 0.3838 1.0000
-0.8963 0.4253 0.0000
1.6966 -0.0199 1.0000
1.4868 -0.4351 1.0000
-0.1542 0.3915 1.0000
-0.3472 0.9471 0.0000
1.9679 -0.0254 1.0000
0.6535 0.8496 0.0000
0.8927 0.4154 0.0000
2.0656 -0.0199 1.0000
-0.7742 0.6797 0.0000
-0.5978 0.9929 0.0000
-0.7858 0.4497 0.0000
-0.8759 0.1479 0.0000
0.2102 0.9517 0.0000
-0.9246 0.5370 0.0000
0.7359 0.5070 0.0000
0.0798 1.0897 0.0000
-0.5605 0.8101 0.0000
0.8354 0.3494 0.0000
0.9679 -0.0059 0.0000
-0.7414 0.4782 0.0000
0.0409 1.0738 0.0000
1.0517 0.0205 0.0000
0.0221 0.5655 1.0000
-0.8220 0.6355 0.0000
0.1507 0.1368 1.0000
0.8903 0.3510 0.0000
0.4282 0.8825 0.0000
1.4806 -0.5113 1.0000
1.0876 -0.4389 1.0000
-1.0317 0.2306 0.0000
0.8009 0.4366 0.0000
0.9320 -0.5237 1.0000
0.1043 0.3499 1.0000
1.8136 -0.0474 1.0000
0.1984 -0.4774 1.0000
1.5517 -0.2257 1.0000
-0.1288 0.9328 0.0000
0.1530 0.1938 1.0000
0.2043 0.8832 0.0000
0.1685 -0.2142 1.0000
0.6551 -0.5411 1.0000
0.6072 0.6648 0.0000
0.2182 0.0014 1.0000
-0.0063 0.1563 1.0000
-0.8409 0.4798 0.0000
0.9646 -0.4597 1.0000
0.5611 -0.4759 1.0000
1.2156 -0.5984 1.0000
2.0299 0.0700 1.0000
0.4659 0.7065 0.0000
1.7727 -0.1862 1.0000
1.9525 0.3056 1.0000
-0.9389 0.2285 0.0000
0.0204 0.1624 1.0000
-0.1022 0.2962 1.0000
1.0327 0.4583 0.0000
1.1770 -0.6232 1.0000
0.5580 -0.5449 1.0000
0.5638 -0.4803 1.0000
-0.5093 0.8477 0.0000
1.0329 0.6699 0.0000
0.0443 0.9216 0.0000
0.4409 -0.3007 1.0000
1.9076 0.2472 1.0000
0.9939 0.2892 0.0000
0.3293 0.7093 0.0000
-0.4819 0.9601 0.0000
1.4774 -0.3703 1.0000
1.7821 0.3342 1.0000
0.0481 0.2091 1.0000
0.4049 0.7871 0.0000
0.4687 -0.3940 1.0000
0.9836 -0.0668 0.0000
1.8603 0.3304 1.0000
0.8803 0.6014 0.0000
-0.0210 0.7423 0.0000
1.0323 0.1148 0.0000
0.3141 0.9626 0.0000
0.4554 0.8034 0.0000
0.2702 1.0177 0.0000
0.9705 -0.4650 1.0000
0.5127 -0.2129 1.0000
0.3991 1.1469 0.0000
0.8355 0.5393 0.0000
2.0963 0.2201 1.0000
-0.6966 0.7261 0.0000
0.5311 -0.4105 1.0000
0.0499 0.0470 1.0000
-0.1253 1.0166 0.0000
-0.9827 0.3871 0.0000
1.6021 -0.0947 1.0000
0.1726 0.9899 0.0000
-0.4186 0.9238 0.0000
1.3413 -0.5129 1.0000
0.5151 1.0153 0.0000
-1.1258 0.1626 0.0000
1.8629 0.1944 1.0000
-0.5572 0.7979 0.0000
0.6701 0.8078 0.0000
1.8884 0.1737 1.0000
1.7548 -0.1860 1.0000
0.5298 0.8127 0.0000
0.8367 -0.3215 1.0000
0.4968 -0.4185 1.0000
-0.2646 0.8439 0.0000
0.4779 -0.4959 1.0000
-0.5268 0.8539 0.0000
-0.8928 0.2896 0.0000
-0.6162 0.7727 0.0000
0.9395 0.3743 0.0000
0.2209 0.8274 0.0000
0.1528 1.0205 0.0000
-1.0556 0.0313 0.0000
0.8777 -0.3867 1.0000
0.8950 0.1429 0.0000
-0.9039 0.8427 0.0000
0.8327 0.4826 0.0000
2.2234 0.2017 1.0000
0.5499 0.7654 0.0000
0.1754 0.3066 1.0000
1.3990 -0.2693 1.0000
0.4619 1.0938 0.0000
1.9863 -0.2076 1.0000
-0.3137 0.8704 0.0000
0.9861 0.3374 0.0000
0.1136 0.9525 0.0000
0.1602 0.9960 0.0000
0.4832 -0.3796 1.0000
-0.7519 0.8731 0.0000
2.0659 0.4682 1.0000
0.6668 -0.5284 1.0000
1.8613 0.0527 1.0000
-0.0381 1.1304 0.0000
-1.0051 0.2988 0.0000
0.0787 0.1739 1.0000
0.5091 -0.4420 1.0000
-0.4792 0.9727 0.0000
0.3181 1.0026 0.0000
0.9121 0.4354 0.0000
0.7968 0.0698 0.0000
-1.1591 0.2232 0.0000
1.9789 0.5704 1.0000
0.9383 -0.5627 1.0000
1.2732 -0.4617 1.0000
1.1957 -0.4924 1.0000
0.7212 0.5715 0.0000
-0.3537 1.0329 0.0000
1.7711 -0.2007 1.0000
0.9615 0.5488 0.0000
-0.8103 0.8271 0.0000
0.1309 0.3872 1.0000
0.3020 -0.0443 1.0000
0.0530 0.4597 1.0000
1.9941 0.1875 1.0000
2.1156 0.3242 1.0000
-0.7673 0.2694 0.0000
1.0589 0.1232 0.0000
1.9518 0.0562 1.0000
-0.9699 0.0456 0.0000
1.8694 0.1616 1.0000
0.1777 -0.0383 1.0000
