1.7641 0.4002 1.0000
2.2409 1.8676 1.0000
0.9501 -0.1514 1.0000
0.4106 0.1440 1.0000
0.7610 0.1217 1.0000
0.3337 1.4941 1.0000
0.3131 -0.8541 1.0000
0.6536 0.8644 1.0000
2.2698 -1.4544 1.0000
-0.1872 1.5328 1.0000
0.1549 0.3782 1.0000
-1.9808 -0.3479 1.0000
1.2303 1.2024 1.0000
-0.3023 -1.0486 1.0000
-1.7063 1.9508 1.0000
-0.4381 -1.2528 1.0000
-1.6139 -0.2127 1.0000
0.3869 -0.5108 1.0000
-0.0282 0.4283 1.0000
0.3025 -0.6343 1.0000
-0.6725 -0.3596 1.0000
-1.7263 0.1774 1.0000
-1.6302 0.4628 1.0000
0.0519 0.7291 1.0000
1.1394 -1.2348 1.0000
-0.6848 -0.8708 1.0000
-0.3116 0.0562 1.0000
0.9008 0.4657 1.0000
1.4883 1.8959 1.0000
-0.1799 -1.0708 1.0000
-0.4032 1.2224 1.0000
0.9766 0.3564 1.0000
0.0105 1.7859 1.0000
0.4020 1.8832 1.0000
-1.2705 0.9694 1.0000
1.9436 -0.4136 1.0000
1.9229 1.4805 1.0000
0.9060 -0.8612 1.0000
-0.2680 0.8025 1.0000
-0.1550 0.6141 1.0000
0.3764 -1.0994 1.0000
1.3264 -0.6946 1.0000
-0.4352 1.8493 1.0000
0.4075 -0.7699 1.0000
-0.6743 0.0318 1.0000
0.6764 0.5766 1.0000
0.3960 -1.0931 1.0000
0.4394 0.1667 1.0000
2.3831 0.9445 1.0000
1.1170 -1.3159 1.0000
-0.0682 1.7133 1.0000
-0.8264 -0.0985 1.0000
1.1266 -1.0799 1.0000
-0.4378 -0.4980 1.0000
0.9494 0.0876 1.0000
0.8444 -1.0002 1.0000
1.1880 0.3169 1.0000
0.3187 0.8568 1.0000
-1.0342 0.6816 1.0000
-0.6895 -0.4555 1.0000
-0.3540 -1.3750 1.0000
-2.2234 0.6252 1.0000
-1.1044 0.0522 1.0000
1.5430 -1.2929 1.0000
-0.0393 -1.1681 1.0000
-0.1715 0.7718 1.0000
2.1632 1.3365 1.0000
-0.2394 1.0997 1.0000
0.6401 -1.6170 1.0000
-0.7380 0.2799 1.0000
0.9102 0.3172 1.0000
-0.4664 -0.9444 1.0000
-0.0170 0.3792 1.0000
-0.0423 -0.9559 1.0000
-0.4636 0.4815 1.0000
0.0633 0.1565 1.0000
-0.5973 -0.2379 1.0000
-0.4933 -0.5429 1.0000
-1.1562 0.7812 1.0000
-2.0700 0.4263 1.0000
-0.6374 -0.3973 1.0000
-0.2978 -0.3090 1.0000
1.1523 1.0796 1.0000
-1.4664 0.5211 1.0000
0.1420 -0.3193 1.0000
0.6947 -0.7256 1.0000
-1.5829 0.6104 1.0000
-0.5068 -0.5963 1.0000
-1.9363 0.1888 1.0000
0.0884 -0.3109 1.0000
0.3990 -2.7726 1.0000
0.3901 -0.6524 1.0000
0.4937 -0.1161 1.0000
2.0645 -0.1105 1.0000
-0.6920 1.5364 1.0000
0.6088 -1.0453 1.0000
0.6898 1.3018 1.0000
-0.4810 2.3039 1.0000
-0.1359 1.1369 1.0000
0.5830 -0.3994 1.0000
-1.3065 1.6581 1.0000
-0.6802 0.6664 1.0000
-1.3343 -1.3467 1.0000
-0.1596 -0.1337 1.0000
-1.1268 -0.7307 1.0000
0.0944 -0.0422 1.0000
-0.0616 -0.1073 1.0000
-0.8130 0.2745 1.0000
-1.1574 -0.3123 1.0000
2.2567 -0.7047 1.0000
0.7472 -1.1889 1.0000
-1.1839 -2.6592 1.0000
-1.7559 0.4509 1.0000
1.6596 1.0685 1.0000
-0.6878 -1.2141 1.0000
-0.2804 -0.3647 1.0000
0.5785 0.3497 1.0000
-1.4378 1.3645 1.0000
-0.6523 -0.5212 1.0000
-0.4780 -0.4797 1.0000
0.6985 0.0038 1.0000
0.3400 -0.0157 1.0000
-0.1907 -0.3948 1.0000
-1.1280 0.2804 1.0000
0.8416 -0.2495 1.0000
0.4938 0.6433 1.0000
-0.2069 0.8802 1.0000
0.3873 -2.2556 1.0000
0.0386 -1.6567 1.0000
-1.4718 1.6481 1.0000
0.5673 -0.2227 1.0000
-1.6165 -0.2918 1.0000
0.8579 1.1411 1.0000
0.8526 -0.5987 1.0000
0.7667 0.3563 1.0000
0.3555 0.8145 1.0000
-0.1851 -0.8076 1.0000
0.8003 -0.3091 1.0000
1.7327 0.6845 1.0000
0.1421 1.5200 1.0000
0.9295 0.5822 1.0000
0.1237 -0.1301 1.0000
0.9430 -2.7397 1.0000
0.2699 -0.4668 1.0000
0.8690 0.2769 1.0000
0.3148 0.8216 1.0000
0.8006 0.0783 1.0000
-1.1594 -0.0859 1.0000
0.8758 -0.1151 1.0000
-0.9646 -0.7826 1.0000
-1.0546 0.8202 1.0000
0.2791 0.3389 1.0000
-0.4689 -2.2014 1.0000
-0.0506 -0.5175 1.0000
-0.4392 0.1813 1.0000
2.4125 -0.9605 1.0000
-2.2886 0.2515 1.0000
-0.5395 -0.2757 1.0000
1.7389 0.9944 1.0000
-0.8824 1.1286 1.0000
0.7714 1.0294 1.0000
-0.4243 0.8626 1.0000
1.5133 0.5531 1.0000
0.2205 -1.0299 1.0000
1.1003 1.2980 1.0000
-0.0739 -0.6586 1.0000
-1.0180 -0.0779 1.0000
-0.0342 1.0963 1.0000
-0.3475 -0.5813 1.0000
-1.5678 -1.1792 1.0000
0.8953 1.3750 1.0000
-1.9686 -0.6601 1.0000
0.4987 1.0480 1.0000
1.7427 -0.2226 1.0000
-1.6812 -0.8890 1.0000
-0.8887 0.9367 1.0000
-2.3696 0.8641 1.0000
0.4015 1.2249 1.0000
-1.2797 -0.5854 1.0000
-0.1822 -0.2029 1.0000
0.2135 -1.2086 1.0000
1.5183 -0.3846 1.0000
1.0782 -2.5592 1.0000
-0.6319 0.1639 1.0000
0.9425 -0.2676 1.0000
1.2978 -2.3642 1.0000
-1.3479 -0.7616 1.0000
-0.0446 0.1951 1.0000
-0.7290 0.1966 1.0000
0.6169 0.0086 1.0000
0.4538 -1.8297 1.0000
0.7679 0.5899 1.0000
-0.8056 -1.1183 1.0000
1.1331 -1.9518 1.0000
-1.1398 0.7850 1.0000
-0.4706 -0.2169 1.0000
-0.3924 -3.0461 1.0000
0.4390 -0.2195 1.0000
0.3518 0.3792 1.0000
-0.2167 -0.9302 1.0000
-1.5504 0.4173 1.0000
0.2381 -1.4060 1.0000
-0.1105 -1.6607 1.0000
-0.3791 -1.7424 1.0000
0.6051 0.8956 1.0000
0.4048 0.2238 1.0000
1.2860 -1.5070 1.0000
-0.3820 -0.2243 1.0000
-0.3751 -1.2262 1.0000
1.6709 -0.0561 1.0000
-0.6873 -0.1175 1.0000
-0.3702 -0.4538 1.0000
-0.9180 0.2525 1.0000
1.3599 -0.0904 1.0000
1.0344 -0.9962 1.0000
-0.3050 1.0289 1.0000
-0.6007 1.5522 1.0000
-2.3206 0.3172 1.0000
0.2256 0.4497 1.0000
-1.3184 -0.3707 1.0000
-0.9327 -1.2631 1.0000
0.0979 -0.4482 1.0000
-0.0234 1.0792 1.0000
0.3769 -0.5457 1.0000
-1.9457 -0.9128 1.0000
0.3931 -0.9390 1.0000
1.4230 0.3961 1.0000
1.1244 0.7554 1.0000
-0.6565 -2.8346 1.0000
-1.6109 -0.0358 1.0000
0.3306 0.9492 1.0000
-1.7777 -0.5327 1.0000
-0.3462 -0.7946 1.0000
1.0819 -1.4449 1.0000
-0.7887 1.0946 1.0000
2.1322 0.9364 1.0000
1.2651 0.2115 1.0000
0.6800 -0.6963 1.0000
1.3278 -0.1013 1.0000
-0.4643 1.0218 1.0000
-0.3869 -0.5103 1.0000
-0.3855 -1.6018 1.0000
-0.9328 1.2433 1.0000
0.5873 -0.5054 1.0000
-0.5075 -1.0519 1.0000
-2.2453 0.5640 1.0000
-0.1043 -0.9880 1.0000
-1.1402 1.7550 1.0000
-0.7657 0.5558 1.0000
0.7200 -1.8243 1.0000
0.7727 -1.6616 1.0000
1.6962 -0.0149 1.0000
0.6706 -0.7075 1.0000
-1.5670 -0.4513 1.0000
0.7231 0.0246 1.0000
-1.1029 -0.1017 1.0000
1.8496 -0.2142 1.0000
0.0214 -0.9191 1.0000
-0.3651 -1.7913 1.0000
-0.3175 -1.6324 1.0000
1.4894 0.5213 1.0000
-1.3415 0.4769 1.0000
0.5290 0.4226 1.0000
-0.0414 -0.7579 1.0000
-0.8974 1.3125 1.0000
-0.8989 0.0746 1.0000
-0.4247 -0.8300 1.0000
0.7858 -0.0575 1.0000
0.9409 0.4052 1.0000
-0.0262 -1.6882 1.0000
-0.5325 0.6451 1.0000
-0.6580 0.4684 1.0000
-0.6677 1.6819 1.0000
0.0230 -0.0111 1.0000
-0.8377 -0.5912 1.0000
0.3270 0.3300 1.0000
1.3710 -0.5098 1.0000
0.9971 0.0306 1.0000
0.0516 0.8673 1.0000
-0.3257 0.4704 1.0000
0.2396 -0.3698 1.0000
2.1339 0.4064 1.0000
0.7557 -0.5391 1.0000
0.0328 -2.5828 1.0000
-0.3480 -1.3534 1.0000
-0.4367 -1.6430 1.0000
-0.5353 0.0254 1.0000
0.1725 0.0211 1.0000
0.2274 -1.0167 1.0000
0.3088 -1.3708 1.0000
1.0814 -0.6314 1.0000
-0.8782 0.6994 1.0000
-0.2225 -0.8589 1.0000
-1.7942 1.3265 1.0000
0.0599 -0.2125 1.0000
-0.8878 0.9364 1.0000
0.2712 -0.8015 1.0000
0.4722 0.9304 1.0000
-1.4219 1.9980 1.0000
-1.5416 2.5944 1.0000
-1.4617 -0.6834 1.0000
0.1903 -0.8517 1.0000
-0.5216 -1.1847 1.0000
1.3291 -0.8175 1.0000
1.0304 -2.0473 1.0000
0.9674 -0.0554 1.0000
0.3528 -0.1528 1.0000
1.2761 1.3250 1.0000
0.0451 2.3396 1.0000
-0.2596 0.3645 1.0000
1.5928 -0.2586 1.0000
-1.3781 -0.3120 1.0000
-1.0068 1.6816 1.0000
-0.5316 0.3658 1.0000
0.4811 2.7594 1.0000
0.2587 0.2756 1.0000
0.5072 -0.1162 1.0000
0.2444 1.4013 1.0000
0.5289 0.2461 1.0000
-0.8048 2.3466 1.0000
-0.3656 0.9381 1.0000
0.8300 -0.4961 1.0000
0.0122 1.5693 1.0000
0.7967 -0.6579 1.0000
0.2256 1.3891 1.0000
-0.3068 -0.4063 1.0000
-0.1436 -0.3820 1.0000
-0.1446 -0.3616 1.0000
-0.9379 0.4331 1.0000
0.7244 1.3853 1.0000
0.4410 0.1788 1.0000
0.2408 0.2891 1.0000
-0.1984 0.0942 1.0000
-0.3581 0.5560 1.0000
-0.4223 0.1047 1.0000
0.2015 0.5408 1.0000
-0.0493 0.2390 1.0000
1.6740 0.1616 1.0000
-0.7905 -0.9073 1.0000
-1.6787 0.2150 1.0000
1.0157 0.7010 1.0000
-1.0975 1.7123 1.0000
-1.0455 -1.0849 1.0000
-0.5189 -0.7537 1.0000
-0.2069 -0.6781 1.0000
1.0653 0.9853 1.0000
0.4026 -1.7759 1.0000
0.3020 0.6082 1.0000
1.4334 0.4184 1.0000
-0.5992 0.0331 1.0000
-0.7199 -0.8936 1.0000
1.0491 3.1710 1.0000
-1.3484 1.2650 1.0000
-0.6606 0.2098 1.0000
0.2225 -0.0884 1.0000
0.3814 0.0675 1.0000
0.2843 0.4154 1.0000
-1.4300 -0.0616 1.0000
0.0875 0.9387 1.0000
-1.0482 -0.8603 1.0000
-0.4013 -0.3167 1.0000
-0.9873 -0.4012 1.0000
-1.0431 -0.8571 1.0000
0.0518 -0.8792 1.0000
-1.6388 -0.7333 1.0000
-0.0902 0.7317 1.0000
0.3482 0.6633 1.0000
-0.0309 1.5789 1.0000
-0.5664 -0.3077 1.0000
0.5249 1.2674 1.0000
-0.0621 1.2592 1.0000
-1.4957 2.5264 1.0000
-0.1682 0.3779 1.0000
-0.1722 0.7304 1.0000
-1.0148 -0.6023 1.0000
0.4608 0.9238 1.0000
-0.2890 -1.9986 1.0000
0.0471 0.8246 1.0000
-0.1282 -0.2718 1.0000
0.0782 1.4045 1.0000
-1.4812 -1.2726 1.0000
-1.1712 0.7645 1.0000
-0.1698 -0.1341 1.0000
-0.1928 -0.0333 1.0000
0.2067 0.5310 1.0000
1.3979 0.0552 1.0000
1.6485 -1.5500 1.0000
1.4262 0.9361 1.0000
0.8327 0.3271 1.0000
0.3778 0.2399 1.0000
0.1929 -1.1570 1.0000
-0.1304 1.8219 1.0000
0.4209 0.2466 1.0000
0.9921 1.9051 1.0000
-0.3005 -0.3550 1.0000
-0.1778 0.2510 1.0000
0.9600 -0.4165 1.0000
1.1239 -0.1735 1.0000
1.3925 1.0376 1.0000
-0.5938 -2.0119 1.0000
-0.8964 -1.9627 1.0000
0.6480 -1.1390 1.0000
0.8710 -0.8780 1.0000
0.6165 0.5366 1.0000
0.1915 0.8805 1.0000
0.0860 0.7519 1.0000
-1.1950 -0.5004 1.0000
-0.4080 1.7747 1.0000
-0.1622 0.7694 1.0000
-0.1453 -0.7565 1.0000
1.0391 0.4791 1.0000
1.7368 -1.4466 1.0000
0.9606 0.2258 1.0000
-1.0986 2.3208 1.0000
0.5342 0.3179 1.0000
0.5401 0.7324 1.0000
-0.2916 -1.7410 1.0000
0.2711 1.0450 1.0000
-0.3407 -1.2632 1.0000
1.1517 -0.5892 1.0000
0.1316 -1.4056 1.0000
2.0235 0.5054 1.0000
-1.5825 2.2436 1.0000
1.9223 -2.1151 1.0000
1.6181 -0.8244 1.0000
0.5475 -0.8138 1.0000
-1.3177 0.5410 1.0000
-0.5643 0.9668 1.0000
-0.7555 -1.2012 1.0000
-0.5376 0.0992 1.0000
0.5023 -0.8623 1.0000
-0.9526 1.6085 1.0000
0.2073 0.3077 1.0000
-1.9585 -1.4464 1.0000
0.3194 -0.1378 1.0000
-1.3484 -0.4016 1.0000
0.5128 -0.3263 1.0000
-0.5946 -0.2560 1.0000
-0.7824 0.6251 1.0000
-0.5216 -0.0731 1.0000
-0.3249 -0.7113 1.0000
-0.0599 -0.7999 1.0000
1.3087 -0.0258 1.0000
0.3465 0.7742 1.0000
0.1049 0.1339 1.0000
-0.8228 -1.4903 1.0000
-0.9724 1.3462 1.0000
-0.8625 0.6225 1.0000
0.5685 -0.3328 1.0000
-0.9682 0.8314 1.0000
-0.9197 2.6429 1.0000
2.2905 1.6003 1.0000
-0.4123 -0.4035 1.0000
-0.6958 0.2468 1.0000
-0.7728 0.8821 1.0000
-0.5863 -0.4576 1.0000
0.4573 0.9623 1.0000
0.2432 0.3904 1.0000
-0.5109 0.7747 1.0000
0.4113 -0.4832 1.0000
1.0401 0.1646 1.0000
1.4738 0.3891 1.0000
-0.3266 -0.0082 1.0000
1.0430 0.4141 1.0000
0.1547 1.0416 1.0000
-0.9489 0.1319 1.0000
0.7688 -0.4213 1.0000
0.8757 -1.3652 1.0000
-0.4802 -0.5233 1.0000
0.7087 2.4512 1.0000
-0.1204 -1.4793 1.0000
-0.7214 -0.4488 1.0000
1.6606 -1.4166 1.0000
-1.1884 -0.6038 1.0000
1.0983 -0.1378 1.0000
0.6104 0.2860 1.0000
-1.1095 -0.5475 1.0000
-2.5346 -1.3752 1.0000
-0.4802 0.9361 1.0000
-1.1981 0.4067 1.0000
0.1474 -0.9775 1.0000
0.6354 0.5426 1.0000
-2.9946 0.8809 1.0000
0.4366 0.1927 1.0000
0.3382 0.6518 1.0000
-0.7667 -1.0043 1.0000
-1.3730 -1.0677 1.0000
0.7541 -0.6250 1.0000
0.1126 -0.6555 1.0000
0.7776 -0.0357 1.0000
0.8865 -0.2721 1.0000
-0.3094 -0.0285 1.0000
-0.5289 0.1737 1.0000
0.1463 0.4987 1.0000
-1.2037 0.4170 1.0000
0.0499 1.3480 1.0000
2.6806 -0.2008 1.0000
-0.7401 -0.5655 1.0000
-2.1581 1.3186 1.0000
-0.2468 -1.0793 1.0000
10.0265 -0.2439 2.0000
8.8207 -1.7916 2.0000
10.1973 0.3944 2.0000
7.9549 -1.7105 2.0000
7.0342 -2.6188 2.0000
10.4764 0.2105 2.0000
10.0625 -0.1842 2.0000
9.2037 -0.3227 2.0000
10.0550 4.4640 2.0000
12.7348 -3.3107 2.0000
6.8311 1.6889 2.0000
10.5675 -0.5644 2.0000
6.7613 -1.0221 2.0000
9.4130 1.8344 2.0000
11.7535 -3.6538 2.0000
11.8988 -0.3265 2.0000
9.1391 2.2988 2.0000
10.0880 1.2861 2.0000
10.4252 3.0941 2.0000
10.5562 -1.2859 2.0000
13.1755 -1.2865 2.0000
11.9935 -0.2975 2.0000
9.9098 0.1582 2.0000
8.3218 -2.0235 2.0000
6.7871 -2.7461 2.0000
11.5149 -0.0201 2.0000
7.9188 -0.6312 2.0000
11.7813 1.0258 2.0000
8.0638 0.9541 2.0000
15.0805 1.8531 2.0000
7.7661 -0.0706 2.0000
12.2556 1.7623 2.0000
8.1522 2.8243 2.0000
8.9282 0.8615 2.0000
7.9879 -1.6431 2.0000
11.0639 2.5211 2.0000
9.1993 -2.9446 2.0000
14.4226 -3.5949 2.0000
8.6408 -1.1286 2.0000
13.2285 2.0172 2.0000
8.5521 -2.2393 2.0000
13.0961 -0.1235 2.0000
9.6325 1.6492 2.0000
12.8297 0.3130 2.0000
10.8857 0.4368 2.0000
9.4946 -1.7377 2.0000
8.9360 -1.9125 2.0000
12.6583 -0.0967 2.0000
10.8078 3.8734 2.0000
10.7644 0.4102 2.0000
11.9818 -0.3734 2.0000
11.6131 -1.6704 2.0000
12.2967 -1.8217 2.0000
10.6717 0.6382 2.0000
6.7232 -3.5528 2.0000
11.1360 0.1652 2.0000
10.0378 -0.1641 2.0000
12.0279 -3.4606 2.0000
10.7686 2.0194 2.0000
10.2028 4.3423 2.0000
10.2012 1.0783 2.0000
14.3818 1.9673 2.0000
10.5047 -0.7816 2.0000
7.1878 -3.2095 2.0000
14.3062 0.9366 2.0000
11.3145 -1.2941 2.0000
10.0778 1.2531 2.0000
8.9859 1.6900 2.0000
8.0133 4.0841 2.0000
8.8422 -3.3847 2.0000
11.3983 -0.5975 2.0000
9.9509 -1.6717 2.0000
9.7936 -2.1028 2.0000
11.2160 -1.6793 2.0000
13.1226 -1.8805 2.0000
10.4260 1.1987 2.0000
10.9216 -0.8020 2.0000
12.8526 4.9769 2.0000
10.2836 3.6669 2.0000
9.0454 0.9328 2.0000
8.0338 -1.7966 2.0000
6.3069 1.2083 2.0000
5.7576 -3.6777 2.0000
9.6075 0.1732 2.0000
11.8684 -2.7830 2.0000
10.3684 -0.6834 2.0000
12.5596 -1.7719 2.0000
9.9807 -3.5943 2.0000
10.3864 2.5947 2.0000
11.1944 -1.6306 2.0000
10.4305 -2.0127 2.0000
11.7925 0.0152 2.0000
12.2074 0.8011 2.0000
10.2709 0.0903 2.0000
6.7474 -0.2696 2.0000
10.6702 -4.8751 2.0000
10.0275 -3.6894 2.0000
11.2179 -3.1829 2.0000
7.8851 -1.1120 2.0000
10.3669 -0.9415 2.0000
11.6360 -0.5578 2.0000
12.9244 -0.8574 2.0000
6.6717 -0.2531 2.0000
11.5581 -3.0193 2.0000
11.9375 -1.4607 2.0000
7.1061 5.2411 2.0000
7.3993 -1.6077 2.0000
9.4612 1.6507 2.0000
8.1544 -2.9027 2.0000
10.0851 3.0619 2.0000
9.8020 -2.1013 2.0000
9.1231 -0.7403 2.0000
11.0767 -0.2849 2.0000
6.5719 0.9873 2.0000
8.3217 1.9802 2.0000
9.9563 -0.5424 2.0000
10.3794 3.4051 2.0000
9.0740 0.8940 2.0000
10.0555 -0.8511 2.0000
10.9127 -1.0573 2.0000
8.5183 -1.2166 2.0000
7.7314 1.5546 2.0000
11.1083 -1.3403 2.0000
8.5779 1.4393 2.0000
8.5383 -3.2834 2.0000
8.5832 -0.0316 2.0000
11.9084 1.0883 2.0000
8.7678 0.9326 2.0000
8.3356 0.3447 2.0000
12.7971 -0.7958 2.0000
6.5535 3.5951 2.0000
11.0913 0.3016 2.0000
13.3716 -3.2961 2.0000
11.8213 -0.0597 2.0000
9.7146 -2.4553 2.0000
11.0254 0.1372 2.0000
9.0205 -0.5586 2.0000
5.8267 0.0801 2.0000
12.9116 0.1110 2.0000
5.7522 0.9192 2.0000
12.7811 -3.2827 2.0000
10.1321 -0.9916 2.0000
9.3226 4.0695 2.0000
11.9017 1.1186 2.0000
9.1378 1.1455 2.0000
12.6144 -0.9349 2.0000
11.7182 -1.6193 2.0000
12.3995 0.9123 2.0000
10.0822 1.1869 2.0000
14.3966 -1.9813 2.0000
8.0462 -1.1792 2.0000
8.7407 -1.3066 2.0000
10.8356 -2.4804 2.0000
13.6045 -0.4166 2.0000
10.3980 3.9775 2.0000
6.8722 0.0373 2.0000
10.0611 -0.0738 2.0000
8.5803 0.0350 2.0000
9.3324 -0.0403 2.0000
10.8657 -1.6174 2.0000
8.4218 0.0025 2.0000
8.3361 -1.1963 2.0000
10.8357 -0.0800 2.0000
10.0572 2.6852 2.0000
12.6303 -0.6469 2.0000
10.1955 2.8030 2.0000
7.7162 -2.6219 2.0000
6.5761 0.0923 2.0000
9.8384 -1.4077 2.0000
9.0383 1.4072 2.0000
10.7423 -1.9796 2.0000
11.3778 0.5493 2.0000
11.4177 0.8456 2.0000
11.2889 -3.8275 2.0000
9.6919 2.3872 2.0000
8.2268 -0.2947 2.0000
10.0525 -0.2287 2.0000
10.4207 -0.0119 2.0000
13.1102 1.2267 2.0000
12.9938 2.3662 2.0000
7.5678 0.2813 2.0000
9.6820 0.4801 2.0000
9.0496 2.5459 2.0000
11.4604 -3.7150 2.0000
8.2262 1.7566 2.0000
10.4954 -2.0366 2.0000
10.4144 1.1671 2.0000
10.4457 1.9521 2.0000
7.3402 -0.7110 2.0000
12.9728 -0.8204 2.0000
12.9736 0.0856 2.0000
9.8878 1.0769 2.0000
9.7527 1.0099 2.0000
11.4260 0.6516 2.0000
7.9747 -2.0546 2.0000
7.2612 -1.5327 2.0000
13.8285 -3.3319 2.0000
9.5771 -0.0300 2.0000
12.1611 -3.2154 2.0000
8.1103 1.1416 2.0000
9.9992 0.7483 2.0000
8.4008 3.0233 2.0000
11.4036 0.1466 2.0000
8.7470 3.4217 2.0000
9.8727 -3.1599 2.0000
7.8331 -0.2612 2.0000
8.6967 1.0096 2.0000
10.2571 -0.2849 2.0000
7.5950 0.8322 2.0000
10.2451 -0.0946 2.0000
8.4306 -0.6712 2.0000
8.4004 -0.5632 2.0000
10.8896 2.0448 2.0000
9.1372 -0.5580 2.0000
8.5212 -0.7519 2.0000
7.2365 -0.2249 2.0000
10.5902 -2.1975 2.0000
10.3494 -3.3056 2.0000
10.1278 -3.2146 2.0000
8.5514 -1.5464 2.0000
8.2507 -1.3688 2.0000
12.2559 0.2097 2.0000
9.3308 -1.7591 2.0000
11.7510 0.5045 2.0000
10.7519 -1.8272 2.0000
12.1599 2.1883 2.0000
9.7047 2.2636 2.0000
9.0012 -2.8539 2.0000
7.9751 2.5011 2.0000
8.2733 -2.0712 2.0000
9.9777 2.6881 2.0000
7.1364 -1.2580 2.0000
8.7578 3.4691 2.0000
11.1452 -1.7224 2.0000
12.1972 -0.2541 2.0000
10.9466 1.5077 2.0000
9.5569 0.8485 2.0000
13.2590 -1.5545 2.0000
7.9869 -4.2866 2.0000
9.5913 -0.8958 2.0000
12.8397 -1.9302 2.0000
9.1524 -1.1933 2.0000
11.9765 -1.0278 2.0000
7.6618 2.2070 2.0000
6.3017 2.8199 2.0000
11.5589 0.3669 2.0000
8.8312 0.7312 2.0000
11.1761 3.1140 2.0000
5.9609 -1.9684 2.0000
10.9739 -0.2133 2.0000
11.1906 2.3283 2.0000
11.4579 -5.1581 2.0000
9.3575 -0.9771 2.0000
12.0275 1.0133 2.0000
6.9545 1.1139 2.0000
11.3061 -0.3769 2.0000
10.5745 -0.0058 2.0000
9.8316 0.8390 2.0000
10.9932 2.0243 2.0000
13.2369 1.1422 2.0000
7.8122 0.4116 2.0000
8.0532 0.4782 2.0000
8.1334 -0.0690 2.0000
9.5883 -0.7551 2.0000
10.6849 -0.4469 2.0000
10.3877 2.2640 2.0000
7.2741 -1.5835 2.0000
9.0068 2.6728 2.0000
10.9229 -0.0930 2.0000
10.0760 3.4281 2.0000
11.5340 -2.0520 2.0000
10.0072 0.6528 2.0000
9.8998 -1.6872 2.0000
9.2717 0.4774 2.0000
6.1131 1.0166 2.0000
11.8532 3.6009 2.0000
11.0330 0.8186 2.0000
10.7942 0.9993 2.0000
10.4924 -1.8360 2.0000
6.4505 -0.9467 2.0000
11.0997 0.0018 2.0000
11.7243 -0.2372 2.0000
11.9319 2.8452 2.0000
9.8555 0.6222 2.0000
12.1232 -2.3698 2.0000
11.6608 -1.0434 2.0000
10.8161 -3.2600 2.0000
7.8068 0.0330 2.0000
8.6945 -2.9179 2.0000
10.1817 -0.9628 2.0000
12.9954 1.1305 2.0000
7.7906 0.8143 2.0000
9.0258 1.7979 2.0000
12.6283 -0.8584 2.0000
8.8917 2.9990 2.0000
8.2790 -3.2624 2.0000
9.4875 1.7153 2.0000
9.1351 2.1541 2.0000
8.8475 1.1492 2.0000
11.3176 -1.1938 2.0000
10.3044 -0.7483 2.0000
11.6309 0.8212 2.0000
8.7291 1.7057 2.0000
12.0088 -1.4527 2.0000
11.2671 -1.2176 2.0000
13.8516 3.9035 2.0000
11.8772 -2.0385 2.0000
9.2818 -2.1171 2.0000
10.2313 -1.0947 2.0000
11.5841 0.2882 2.0000
10.2237 -1.3514 2.0000
10.6211 -1.0141 2.0000
9.2149 -2.1844 2.0000
11.0433 0.9938 2.0000
11.4631 0.6393 2.0000
9.0933 1.7854 2.0000
10.6073 2.0679 2.0000
13.3277 1.8016 2.0000
8.6219 -1.0962 2.0000
8.6014 0.7723 2.0000
8.1297 0.7636 2.0000
7.4885 2.4458 2.0000
8.8185 1.9439 2.0000
10.7005 -2.5927 2.0000
5.3725 -1.6851 2.0000
9.1965 -0.8305 2.0000
11.5958 -1.7738 2.0000
13.2586 0.2781 2.0000
7.5013 -1.4196 2.0000
10.3112 1.8736 2.0000
10.2816 0.9470 2.0000
12.8313 -0.6055 2.0000
11.1717 2.2728 2.0000
8.0517 -3.2394 2.0000
13.8052 -1.5513 2.0000
7.9285 2.3557 2.0000
5.4727 0.7500 2.0000
9.0408 -0.6022 2.0000
9.1724 -2.1938 2.0000
11.7767 -1.0495 2.0000
10.2044 1.0100 2.0000
10.4358 -1.3194 2.0000
11.4543 -0.0778 2.0000
10.5203 -0.1397 2.0000
7.9562 -2.3009 2.0000
11.2844 0.5176 2.0000
9.6266 -2.2873 2.0000
9.9625 2.5669 2.0000
14.3772 -0.4395 2.0000
11.7827 -1.1103 2.0000
7.0765 -3.0976 2.0000
11.5860 1.2760 2.0000
11.7260 -1.1794 2.0000
11.4750 0.8662 2.0000
12.6416 -2.5840 2.0000
9.4332 1.6331 2.0000
7.4770 1.0280 2.0000
11.4786 1.2383 2.0000
8.2002 0.9642 2.0000
11.0451 -2.5327 2.0000
7.2204 -3.9074 2.0000
11.6852 0.4912 2.0000
6.8760 2.0122 2.0000
13.9191 1.8846 2.0000
11.5101 -2.7931 2.0000
9.4985 -0.1881 2.0000
7.9543 -2.3014 2.0000
9.9735 0.3487 2.0000
9.6457 -1.7815 2.0000
11.8439 -2.1913 2.0000
9.3380 0.9006 2.0000
12.4683 2.8997 2.0000
9.5098 -1.5574 2.0000
10.6060 1.4672 2.0000
8.2052 2.6725 2.0000
10.3957 1.2043 2.0000
13.9482 0.9556 2.0000
8.2677 0.6106 2.0000
10.4892 -1.5598 2.0000
9.7417 0.5295 2.0000
11.1016 1.1908 2.0000
9.9925 -3.6119 2.0000
12.1214 -1.7203 2.0000
6.9189 0.6281 2.0000
11.7726 -0.1105 2.0000
8.3630 1.6377 2.0000
11.2997 0.8696 2.0000
9.6520 3.7142 2.0000
9.7428 0.9108 2.0000
5.6853 1.3002 2.0000
8.4394 2.9081 2.0000
10.5869 2.1407 2.0000
12.4850 -2.4284 2.0000
8.8130 1.3240 2.0000
6.9601 -0.4331 2.0000
11.4626 -0.6865 2.0000
9.1891 0.8679 2.0000
10.6504 -5.1868 2.0000
10.8278 -0.3986 2.0000
11.4772 2.6084 2.0000
6.1724 -4.5710 2.0000
9.9242 -0.3146 2.0000
8.7495 -1.4730 2.0000
11.3118 -0.5133 2.0000
10.8086 1.0087 2.0000
8.5609 -2.4611 2.0000
11.6247 1.0925 2.0000
11.0245 0.1717 2.0000
7.1871 -0.3496 2.0000
5.6738 -0.7922 2.0000
11.3453 0.5197 2.0000
8.6433 -0.1666 2.0000
10.9312 -1.7443 2.0000
9.4148 3.3947 2.0000
7.9935 0.3493 2.0000
12.0749 0.3184 2.0000
8.9893 -4.0366 2.0000
9.6431 0.7780 2.0000
9.8860 -0.7924 2.0000
8.2018 1.6751 2.0000
10.9456 -1.0542 2.0000
12.4197 -2.2532 2.0000
7.6711 -2.5570 2.0000
11.5798 2.2046 2.0000
10.4147 1.5183 2.0000
8.0901 -2.9408 2.0000
10.9924 1.1539 2.0000
10.4700 1.2580 2.0000
8.5100 2.0245 2.0000
11.8575 2.1621 2.0000
9.3150 -1.9989 2.0000
8.6016 0.0880 2.0000
8.1959 0.6420 2.0000
11.1844 -1.9339 2.0000
9.8998 0.8633 2.0000
11.6367 -4.7073 2.0000
10.2133 3.0380 2.0000
13.8027 -1.0499 2.0000
7.8001 -0.8087 2.0000
8.7320 -0.7869 2.0000
10.0444 1.0869 2.0000
9.3119 -1.0452 2.0000
9.1019 0.9819 2.0000
12.5481 -1.5954 2.0000
7.2106 0.7463 2.0000
9.7008 2.1453 2.0000
8.2227 -0.2716 2.0000
9.1651 -0.9071 2.0000
10.4058 2.4934 2.0000
11.3933 -0.4139 2.0000
11.3545 -0.0638 2.0000
11.7965 -0.3956 2.0000
11.8184 0.1614 2.0000
7.7742 0.1908 2.0000
9.2144 -0.6725 2.0000
9.8854 -2.8969 2.0000
12.4533 1.3327 2.0000
9.8845 -1.4534 2.0000
10.2721 -1.6766 2.0000
7.4808 -0.6655 2.0000
8.6180 -4.4110 2.0000
8.4885 2.6514 2.0000
8.9173 0.1830 2.0000
8.8732 2.0295 2.0000
11.9806 3.2529 2.0000
13.0298 3.2087 2.0000
9.1416 -4.5245 2.0000
9.1034 -0.7635 2.0000
7.9985 -3.1916 2.0000
9.6212 -1.6151 2.0000
8.1197 -0.7930 2.0000
12.5198 0.4820 2.0000
9.4391 -2.3606 2.0000
12.7684 2.5040 2.0000
9.8175 -0.8031 2.0000
7.9842 -1.3518 2.0000
10.3066 1.3883 2.0000
11.3279 1.6442 2.0000
7.5087 -2.3424 2.0000
9.0476 -3.4253 2.0000
10.2591 -2.8119 2.0000
11.6733 0.2775 2.0000
7.1953 -0.6141 2.0000
10.8102 -2.8216 2.0000
9.4237 1.4236 2.0000
10.5475 -2.7897 2.0000
9.7701 0.9917 2.0000
10.9982 0.6124 2.0000
10.6253 -0.3869 2.0000
9.6882 -1.4783 2.0000
8.0990 -0.9280 2.0000
9.2409 0.3988 2.0000
11.1419 2.1446 2.0000
8.8260 -0.7564 2.0000
5.7038 -2.0663 2.0000
9.5518 3.9355 2.0000
8.6756 -3.1552 2.0000
7.3936 0.9335 2.0000
10.6401 4.1584 2.0000
9.6152 -2.4250 2.0000
