-0.4168 -0.0563 1.0000
1.6403 -1.7934 1.0000
0.5029 -1.2453 1.0000
-0.9090 0.5515 1.0000
0.0415 -1.1179 1.0000
-0.5962 -0.0191 1.0000
-0.7479 0.0090 1.0000
-0.1564 0.2566 1.0000
-0.3388 -0.2362 1.0000
-1.1876 -1.4212 1.0000
-0.2691 2.2314 1.0000
0.1127 0.3704 1.0000
0.5019 -0.8442 1.0000
0.5424 -0.3135 1.0000
-1.8681 1.7312 1.0000
-0.3357 0.6113 1.0000
-0.8291 0.0877 1.0000
-0.3811 -0.3757 1.0000
0.4335 1.2784 1.0000
0.5084 0.2161 1.0000
-0.4193 -0.1323 1.0000
0.3260 -2.0403 1.0000
-0.6777 -1.4394 1.0000
0.7353 -0.6533 1.0000
-0.3815 0.0665 1.0000
1.5845 -2.6594 1.0000
0.6951 -2.0335 1.0000
-0.0772 0.8247 1.0000
-0.4039 -1.3845 1.0000
1.2179 -0.4620 1.0000
0.3819 0.5663 1.0000
1.4067 -1.7380 1.0000
0.3805 -0.2171 1.0000
-2.3436 1.1615 1.0000
-1.1331 0.4331 1.0000
2.5853 1.8353 1.0000
-0.7193 -0.5834 1.0000
-0.5602 -0.9022 1.0000
-0.2762 -0.5169 1.0000
-0.9289 2.5504 1.0000
-1.0214 0.4324 1.0000
0.4238 0.7992 1.0000
0.7520 -0.9938 1.0000
-1.7649 -0.1144 1.0000
-1.0608 0.5917 1.0000
1.0199 -1.4825 1.0000
0.4979 0.1265 1.0000
-0.2518 -1.5467 1.0000
3.2797 0.9709 1.0000
-0.4290 0.6962 1.0000
0.6015 0.0037 1.0000
-2.0696 0.6101 1.0000
1.1179 -0.2742 1.0000
-0.4475 -1.2554 1.0000
-0.4683 -1.2547 1.0000
0.7565 0.2414 1.0000
4.1087 0.8211 1.0000
-1.9858 0.3651 1.0000
-0.3645 -0.8760 1.0000
-0.3146 -0.5938 1.0000
1.3356 0.3026 1.0000
0.5144 0.8295 1.0000
-1.4534 -0.3380 1.0000
0.6222 0.9608 1.0000
-1.1343 -0.7074 1.0000
1.8045 0.1804 1.0000
1.0330 -0.3290 1.0000
-0.4265 -0.1481 1.0000
0.8696 -1.0871 1.0000
0.7349 -1.0614 1.0000
-1.8504 0.3305 1.0000
-1.3500 -0.6982 1.0000
-0.5529 0.2995 1.0000
-0.8404 -0.3123 1.0000
0.1211 -0.8468 1.0000
-1.3386 1.1327 1.0000
1.0858 0.9022 1.0000
0.9755 0.1916 1.0000
-1.0235 -0.4482 1.0000
1.8260 -1.7141 1.0000
-1.3176 -2.0256 1.0000
-0.3047 -0.1597 1.0000
-0.6184 0.3788 1.0000
-0.3348 -0.2835 1.0000
0.0573 0.1591 1.0000
0.0585 0.3765 1.0000
0.3359 1.9044 1.0000
0.6653 -0.8500 1.0000
-0.4800 -1.0196 1.0000
-0.9338 -0.1750 1.0000
-1.6522 -0.6757 1.0000
-0.6529 -0.6121 1.0000
1.0455 1.3690 1.0000
-0.3595 1.4970 1.0000
-2.0234 0.2680 1.0000
-0.1393 0.0326 1.0000
-1.1567 1.2340 1.0000
-0.7219 1.9332 1.0000
-0.5714 0.2924 1.0000
-0.4879 -0.1731 1.0000
0.8708 0.5928 1.0000
-0.6815 0.1801 1.0000
-0.7877 0.4248 1.0000
-0.6311 0.7891 1.0000
-1.6105 0.4999 1.0000
-0.9970 -0.2634 1.0000
0.3271 -1.4554 1.0000
3.1610 0.1100 1.0000
0.5998 0.5494 1.0000
0.1483 -0.6535 1.0000
0.7121 -1.8007 1.0000
-0.2329 1.1106 1.0000
0.7861 0.1942 1.0000
-0.0204 -0.4144 1.0000
0.6318 0.4176 1.0000
0.4256 0.6354 1.0000
0.0661 0.5356 1.0000
0.0420 1.6419 1.0000
1.4512 -1.0649 1.0000
0.3075 -1.3696 1.0000
1.2485 -1.2457 1.0000
-0.5766 0.4160 1.0000
0.9319 1.4683 1.0000
-1.1732 0.5627 1.0000
1.1449 -0.1521 1.0000
0.3361 -0.1890 1.0000
0.7135 2.5297 1.0000
-0.1317 0.7076 1.0000
-1.2809 0.3098 1.0000
-0.3158 -1.1259 1.0000
1.8309 0.9402 1.0000
2.3024 1.6211 1.0000
-0.2087 0.1376 1.0000
0.8484 -0.8831 1.0000
0.1458 -0.4001 1.0000
-2.0749 -0.8344 1.0000
0.8206 -0.4892 1.0000
-0.4469 0.5211 1.0000
1.1555 -0.2545 1.0000
-0.4930 -1.0865 1.0000
1.0980 -1.0179 1.0000
-0.3080 0.7808 1.0000
-0.5439 0.1843 1.0000
0.2872 1.1895 1.0000
-0.0654 0.7661 1.0000
-0.9529 -1.0145 1.0000
1.9126 -0.0453 1.0000
0.7178 -0.9390 1.0000
-0.5645 -2.0878 1.0000
-1.0750 -0.3380 1.0000
2.2825 -0.4958 1.0000
0.3716 0.1865 1.0000
-1.0829 -0.9566 1.0000
-1.1598 -0.6578 1.0000
1.1245 -1.4978 1.0000
-0.5804 -1.0549 1.0000
0.7795 1.0266 1.0000
0.3315 -0.1496 1.0000
0.1512 0.7651 1.0000
-2.2273 0.2067 1.0000
0.6848 -1.7075 1.0000
1.5435 -1.3103 1.0000
-0.7949 -0.4053 1.0000
1.1860 -1.9038 1.0000
-0.9101 1.1765 1.0000
0.6793 -0.0177 1.0000
0.4940 1.5463 1.0000
-1.4688 1.1471 1.0000
-1.1074 -0.1763 1.0000
2.0867 -0.3446 1.0000
0.3032 -0.8299 1.0000
0.1349 -1.7786 1.0000
-1.0882 -0.7579 1.0000
-2.0088 0.1963 1.0000
-0.8936 0.7519 1.0000
-0.6291 1.8121 1.0000
0.5627 -0.5821 1.0000
-0.9865 -0.5947 1.0000
-0.3469 0.4114 1.0000
-0.6341 -0.1544 1.0000
-2.5196 1.3912 1.0000
-0.7456 0.0213 1.0000
0.3153 1.8662 1.0000
-1.8283 0.1390 1.0000
-0.8189 -0.3326 1.0000
1.7345 -0.6128 1.0000
0.2794 -1.8222 1.0000
0.4070 -0.8443 1.0000
-0.6005 1.6149 1.0000
-1.2038 -1.2475 1.0000
-0.0133 -0.7683 1.0000
-0.1973 1.0768 1.0000
-0.0932 0.1356 1.0000
0.8847 0.3832 1.0000
0.1178 -0.5367 1.0000
-0.4514 0.5188 1.0000
-0.7983 0.0057 1.0000
0.2495 0.2563 1.0000
0.7830 -0.4071 1.0000
-0.5898 -0.8625 1.0000
0.6037 -0.0796 1.0000
-1.6577 -1.5010 1.0000
-0.1030 0.6692 1.0000
-0.0781 -1.0787 1.0000
0.0024 0.7058 1.0000
-0.2662 -0.0347 1.0000
0.4572 -0.1707 1.0000
-0.6652 0.8387 1.0000
0.9532 -0.3452 1.0000
0.7935 0.6878 1.0000
1.0889 1.3353 1.0000
-1.6517 -0.4863 1.0000
-0.3646 -1.6376 1.0000
-1.0013 0.0995 1.0000
-0.5071 -0.2580 1.0000
0.7354 2.3805 1.0000
-0.8652 1.7518 1.0000
-0.3161 -1.2796 1.0000
0.2132 1.5525 1.0000
-0.1736 -0.3079 1.0000
1.0576 0.8424 1.0000
-0.0923 -0.2308 1.0000
-0.1762 -1.1180 1.0000
-0.0478 0.9172 1.0000
1.2908 0.3641 1.0000
0.5813 -0.1909 1.0000
0.2893 0.4003 1.0000
-0.9049 -1.6736 1.0000
-0.9713 0.9902 1.0000
-0.5901 -1.8183 1.0000
-0.4708 -0.0960 1.0000
-0.2545 0.8137 1.0000
-0.0289 1.1727 1.0000
1.1135 1.5769 1.0000
0.2529 -1.3054 1.0000
-0.8671 0.5054 1.0000
-0.3866 -0.8846 1.0000
-0.7356 -0.6492 1.0000
-0.2571 -0.1370 1.0000
0.6576 -0.1603 1.0000
0.3084 -0.7223 1.0000
-0.7514 -0.2481 1.0000
-0.7396 -0.9458 1.0000
0.0301 0.5473 1.0000
0.4141 -1.0230 1.0000
-0.0807 -1.3872 1.0000
0.0828 -1.0874 1.0000
-0.3561 0.4320 1.0000
0.2877 0.7045 1.0000
-0.2145 -0.5930 1.0000
0.0100 0.4788 1.0000
-1.2922 -1.3334 1.0000
0.4402 2.2427 1.0000
-0.6333 -2.0459 1.0000
-0.0020 -1.2317 1.0000
-0.0108 -0.4303 1.0000
0.9491 0.0509 1.0000
-0.9789 -0.3838 1.0000
0.5072 1.9898 1.0000
0.3328 0.8844 1.0000
-1.4627 -0.6168 1.0000
-0.9464 -0.5301 1.0000
1.6775 -1.3312 1.0000
-0.8990 0.9611 1.0000
-0.5651 0.5651 1.0000
-0.0076 2.6037 1.0000
-0.0509 -1.3344 1.0000
-1.3289 -2.1930 1.0000
0.5763 0.1939 1.0000
-1.6776 1.3921 1.0000
0.3743 0.4514 1.0000
1.9961 0.3454 1.0000
-1.1133 0.2580 1.0000
-1.3585 -0.2028 1.0000
-0.3100 -1.0533 1.0000
-1.2441 -1.5184 1.0000
0.2429 1.9802 1.0000
1.0369 -0.1769 1.0000
-0.2154 -0.4445 1.0000
0.1890 -0.4591 1.0000
0.6902 0.8857 1.0000
-0.7097 -0.7003 1.0000
-0.9391 1.6980 1.0000
-0.7942 1.0376 1.0000
1.1972 0.2118 1.0000
-0.3835 -2.1842 1.0000
-1.6339 0.5899 1.0000
-0.1950 -1.3344 1.0000
0.4537 -0.3812 1.0000
0.0064 -1.1502 1.0000
-0.5048 -0.9497 1.0000
1.5680 1.9624 1.0000
-0.4950 -1.0272 1.0000
-0.1620 0.1390 1.0000
-0.8862 -1.0759 1.0000
1.0623 -0.6826 1.0000
0.6415 -0.7399 1.0000
0.8134 -1.0147 1.0000
-0.2062 0.0594 1.0000
-1.4818 0.3390 1.0000
-0.4101 -0.2199 1.0000
-0.1474 -0.5302 1.0000
0.7542 0.0359 1.0000
0.8309 -0.2964 1.0000
-0.1460 -0.9443 1.0000
-0.9005 -0.2341 1.0000
0.3830 1.0996 1.0000
-1.1095 -1.6670 1.0000
0.4120 0.0576 1.0000
-0.6724 -0.2525 1.0000
-0.2260 0.4872 1.0000
-0.2718 -0.9640 1.0000
1.0955 -1.2042 1.0000
-0.9963 2.3071 1.0000
0.6337 -0.9685 1.0000
-1.3362 0.3564 1.0000
0.8192 -1.2558 1.0000
-1.5951 -0.3977 1.0000
1.7412 -2.3030 1.0000
0.0419 -0.6089 1.0000
0.3907 -0.0375 1.0000
-0.7806 -0.4010 1.0000
-0.9224 -0.5190 1.0000
0.3260 0.3860 1.0000
-2.0345 0.7615 1.0000
1.1945 0.3395 1.0000
-0.2972 -1.1143 1.0000
-0.2497 0.9917 1.0000
-0.5227 -0.4290 1.0000
0.0630 1.4045 1.0000
1.2722 -1.4019 1.0000
1.6479 0.3732 1.0000
0.5687 -0.2345 1.0000
0.1968 0.1977 1.0000
-0.5977 0.3379 1.0000
0.5600 -0.1881 1.0000
0.2555 -0.7585 1.0000
-0.1641 0.4248 1.0000
-0.0742 -0.6988 1.0000
-0.0419 0.7291 1.0000
1.9157 -1.6604 1.0000
-0.0961 0.7537 1.0000
0.0359 0.7416 1.0000
-0.3845 0.2777 1.0000
1.5387 -0.8080 1.0000
0.2967 -1.9207 1.0000
-0.1853 1.2536 1.0000
0.1516 -1.2982 1.0000
0.6430 -0.9317 1.0000
1.5523 0.4713 1.0000
-0.5686 -1.6435 1.0000
-0.5902 1.3638 1.0000
-1.5801 0.1743 1.0000
-0.5610 0.1751 1.0000
0.7169 0.3483 1.0000
-1.5515 0.7784 1.0000
-0.8369 -0.4075 1.0000
-0.5591 -0.1797 1.0000
-1.4602 2.1208 1.0000
2.1817 -0.2927 1.0000
-0.1469 1.5394 1.0000
0.7403 -0.1932 1.0000
1.3113 -2.0001 1.0000
-1.2566 -0.9266 1.0000
0.8179 -0.2094 1.0000
-0.7433 -0.6045 1.0000
0.3927 -0.1375 1.0000
0.5587 1.6899 1.0000
0.0205 -1.1105 1.0000
-0.9156 0.1670 1.0000
0.5178 -0.7253 1.0000
-1.7215 1.2002 1.0000
-1.0644 -0.3282 1.0000
1.9822 0.5612 1.0000
-0.6771 0.1482 1.0000
0.2237 0.3666 1.0000
0.5998 1.6569 1.0000
0.6080 -0.5227 1.0000
0.2916 -0.8872 1.0000
0.8122 -0.6563 1.0000
0.1006 0.3942 1.0000
0.5115 -0.3028 1.0000
-0.3704 0.3415 1.0000
0.0696 -0.8601 1.0000
0.3117 -0.7411 1.0000
-0.7348 1.2846 1.0000
0.9603 -0.2322 1.0000
-1.0658 0.2646 1.0000
0.7523 0.4968 1.0000
0.0704 -1.1645 1.0000
0.3346 -1.0942 1.0000
-0.3523 1.3870 1.0000
0.4365 0.9435 1.0000
0.5719 -1.7877 1.0000
-1.6770 -0.7490 1.0000
-0.4151 -0.7521 1.0000
-1.0645 -0.2558 1.0000
-0.2823 0.7282 1.0000
-0.1406 -0.2461 1.0000
-0.5284 1.3210 1.0000
-0.6558 0.6356 1.0000
-1.3721 -0.4577 1.0000
-0.0767 0.2518 1.0000
-0.0399 -0.6187 1.0000
-0.6041 0.4202 1.0000
-0.6675 0.6649 1.0000
-0.2212 1.1870 1.0000
0.1522 0.8512 1.0000
2.0794 -0.5125 1.0000
1.3304 1.2793 1.0000
-0.0142 0.9984 1.0000
-0.9462 0.3547 1.0000
1.0133 1.7577 1.0000
-0.2183 -1.4146 1.0000
0.5430 0.5851 1.0000
-1.3882 -0.8413 1.0000
0.2313 -0.4243 1.0000
-0.5787 0.1654 1.0000
-0.6725 -1.5626 1.0000
0.7193 0.6246 1.0000
-0.1235 -1.0796 1.0000
0.6907 0.5384 1.0000
-1.5071 0.7940 1.0000
-0.0567 -0.2314 1.0000
-0.5583 -1.4676 1.0000
-0.4286 0.3215 1.0000
0.2873 -1.2014 1.0000
2.0687 -0.0960 1.0000
0.8775 0.3577 1.0000
-1.5539 -0.8120 1.0000
0.2080 0.2148 1.0000
-1.7060 1.0557 1.0000
-1.9396 -0.6276 1.0000
-0.6971 -0.7592 1.0000
-0.1834 0.1943 1.0000
0.1384 0.3072 1.0000
0.4093 -0.6961 1.0000
0.2639 3.3107 1.0000
0.6966 0.2646 1.0000
-1.0157 -1.2266 1.0000
0.8416 0.4443 1.0000
-0.0413 1.0072 1.0000
-0.4999 1.4712 1.0000
-1.5989 -0.3916 1.0000
-0.0618 -0.2967 1.0000
-0.3368 -0.8661 1.0000
-0.1717 1.0954 1.0000
0.4876 1.5439 1.0000
1.1283 0.0670 1.0000
-0.4467 0.0102 1.0000
-1.0994 -0.0617 1.0000
1.2736 1.4050 1.0000
-0.1732 -0.4396 1.0000
-0.2380 -0.7442 1.0000
0.9328 0.4398 1.0000
-0.5907 1.3449 1.0000
1.0102 -0.4427 1.0000
-0.3207 -0.4807 1.0000
-0.7193 -1.1454 1.0000
0.6978 -0.4688 1.0000
1.1349 -0.5089 1.0000
2.2673 -1.4690 1.0000
-2.1919 -2.2000 1.0000
-1.3112 0.6331 1.0000
-0.1661 0.6153 1.0000
1.3593 -1.3826 1.0000
0.6728 0.7667 1.0000
-1.2325 0.0029 1.0000
-1.6787 1.1219 1.0000
2.0409 0.1141 1.0000
2.6954 0.8978 1.0000
-0.5571 -0.6458 1.0000
0.3670 0.0207 1.0000
0.8694 -0.6104 1.0000
-1.1182 -0.0705 1.0000
1.8440 -0.4266 1.0000
0.9852 0.5682 1.0000
-1.1683 -0.4274 1.0000
0.1402 -0.0714 1.0000
0.2145 1.6894 1.0000
-0.9576 -0.1035 1.0000
-0.7008 2.1155 1.0000
-1.4767 -0.1219 1.0000
-0.3623 0.7459 1.0000
0.4554 -0.1149 1.0000
-0.1261 -0.7260 1.0000
0.3922 0.5788 1.0000
-0.5681 -0.2943 1.0000
-0.4371 0.0177 1.0000
1.6479 1.0917 1.0000
-3.3269 -0.7221 1.0000
-0.9870 1.0499 1.0000
0.0875 -0.5048 1.0000
-1.5070 -0.3754 1.0000
-1.1648 -1.7024 1.0000
-1.1821 0.6415 1.0000
0.3766 -0.1029 1.0000
-1.3527 2.5511 1.0000
0.8876 -2.3111 1.0000
-0.8347 0.0766 1.0000
10.5140 -0.0123 2.0000
11.0065 -0.9420 2.0000
8.9648 0.7085 2.0000
9.4442 -1.3905 2.0000
9.8585 -0.0119 2.0000
8.4380 1.1298 2.0000
10.1318 -0.8596 2.0000
9.0563 -0.5877 2.0000
8.7772 0.6459 2.0000
8.8486 -0.2843 2.0000
9.9128 -0.6981 2.0000
8.2309 -1.0291 2.0000
10.7155 -1.8926 2.0000
9.8427 1.0250 2.0000
10.2645 0.7259 2.0000
9.2289 0.8206 2.0000
10.7779 0.0557 2.0000
9.9979 0.2810 2.0000
10.9171 -1.4140 2.0000
9.5778 -0.9115 2.0000
7.8792 -1.3216 2.0000
9.3242 -0.2527 2.0000
9.4377 0.1179 2.0000
8.4127 0.1532 2.0000
12.0831 -1.0191 2.0000
10.7654 0.3183 2.0000
11.3145 -0.3910 2.0000
9.2706 -0.3734 2.0000
7.5869 -0.7127 2.0000
10.7380 -0.7818 2.0000
8.8874 0.8975 2.0000
9.4257 -0.3512 2.0000
9.5503 -0.6388 2.0000
10.3492 0.3805 2.0000
9.9027 1.0200 2.0000
9.4132 -0.1620 2.0000
9.7651 -2.1699 2.0000
10.0794 -1.6162 2.0000
10.3993 2.1469 2.0000
10.3208 -1.8284 2.0000
8.4923 -1.1099 2.0000
9.1579 0.6068 2.0000
10.8651 -0.2440 2.0000
11.4733 0.6433 2.0000
9.9685 0.5218 2.0000
10.5733 -0.1247 2.0000
8.3106 -0.6939 2.0000
11.3588 -0.4124 2.0000
9.4844 -0.2376 2.0000
9.4122 -1.5048 2.0000
8.7729 1.4882 2.0000
10.0791 -0.0657 2.0000
10.2244 0.4723 2.0000
10.3393 -0.3632 2.0000
10.7819 -0.4188 2.0000
10.0713 -0.0093 2.0000
9.2750 -0.0062 2.0000
10.3748 1.1999 2.0000
8.4239 1.1805 2.0000
11.1043 0.7566 2.0000
10.4563 -2.9538 2.0000
10.2904 0.7614 2.0000
10.3318 0.6630 2.0000
10.1085 0.7187 2.0000
9.1249 -1.8324 2.0000
10.0465 0.2749 2.0000
11.2396 -0.7395 2.0000
9.5891 0.7932 2.0000
11.2956 -0.5528 2.0000
9.0799 0.8167 2.0000
10.4276 0.7451 2.0000
11.6582 0.7713 2.0000
10.0020 -0.2542 2.0000
10.9225 0.1956 2.0000
9.4470 0.1724 2.0000
10.4638 -1.9799 2.0000
10.7138 -1.3699 2.0000
10.6243 0.6960 2.0000
9.6051 0.2290 2.0000
8.7101 -0.7685 2.0000
11.4695 -0.8040 2.0000
9.8363 0.9054 2.0000
10.3251 0.1543 2.0000
9.4541 -0.4832 2.0000
11.6837 1.6147 2.0000
10.6257 0.9924 2.0000
10.0862 1.1407 2.0000
9.3731 0.5169 2.0000
10.2174 -0.5036 2.0000
9.8757 -0.7302 2.0000
10.6114 1.3912 2.0000
8.2791 1.1000 2.0000
10.5174 1.4339 2.0000
10.7149 -0.0561 2.0000
10.2854 0.4600 2.0000
11.8077 1.6198 2.0000
11.9940 0.9833 2.0000
10.9905 2.1147 2.0000
8.8171 1.0643 2.0000
9.0723 0.4455 2.0000
11.8043 0.0964 2.0000
11.1957 0.1333 2.0000
8.2700 2.1113 2.0000
9.8119 -0.5584 2.0000
9.4623 0.2632 2.0000
8.6067 -0.7351 2.0000
10.4021 0.1483 2.0000
10.3375 -0.6175 2.0000
9.7209 0.4177 2.0000
9.8535 -0.0309 2.0000
10.0515 -0.0429 2.0000
8.8988 -1.4540 2.0000
10.2137 -0.5333 2.0000
10.2364 0.8570 2.0000
11.2350 -0.6450 2.0000
9.2547 0.4183 2.0000
8.5312 0.1329 2.0000
12.1787 -0.6037 2.0000
9.8268 0.0841 2.0000
10.9800 1.2452 2.0000
8.3005 -1.8533 2.0000
11.1274 0.8028 2.0000
9.3115 1.6756 2.0000
9.2698 -0.0645 2.0000
12.0752 0.7062 2.0000
9.1256 0.2777 2.0000
10.1500 0.4088 2.0000
8.9458 1.1627 2.0000
9.2106 -1.8357 2.0000
10.1256 -0.6574 2.0000
10.1684 -0.2952 2.0000
10.4531 0.9058 2.0000
10.8469 0.2444 2.0000
10.9098 -0.3308 2.0000
10.3660 -0.5025 2.0000
9.7171 -1.9446 2.0000
9.5169 -1.5331 2.0000
9.0199 -1.5294 2.0000
10.2092 0.3447 2.0000
9.8275 -0.4758 2.0000
11.2476 1.5868 2.0000
10.4027 -0.1512 2.0000
7.5688 -0.4198 2.0000
6.8635 0.3796 2.0000
11.2860 0.7883 2.0000
10.8240 -0.4594 2.0000
8.4925 -1.2036 2.0000
11.7879 0.2186 2.0000
9.9287 0.6065 2.0000
10.1566 1.7348 2.0000
10.4091 -0.3428 2.0000
9.5721 -0.2998 2.0000
10.2615 -1.7424 2.0000
8.3748 0.6514 2.0000
8.6970 -0.7923 2.0000
9.7297 -1.0422 2.0000
10.5347 -1.8452 2.0000
9.9408 -2.6996 2.0000
9.7652 -0.4904 2.0000
9.5441 0.7357 2.0000
10.5987 -0.2356 2.0000
9.8329 0.5866 2.0000
9.8526 0.8930 2.0000
10.0636 0.1325 2.0000
10.6546 0.3661 2.0000
10.2240 0.0106 2.0000
9.8781 0.7562 2.0000
11.4808 0.2059 2.0000
10.9405 0.1756 2.0000
10.2052 0.0209 2.0000
10.2273 0.6530 2.0000
9.8450 0.3371 2.0000
10.0939 -0.5198 2.0000
9.6355 1.6000 2.0000
8.8016 -0.0360 2.0000
9.9171 -0.1047 2.0000
10.5165 1.5250 2.0000
10.1025 0.8465 2.0000
9.7860 0.5264 2.0000
9.0924 -0.2595 2.0000
11.0201 -0.7779 2.0000
10.5242 0.4394 2.0000
11.0455 -0.1059 2.0000
9.5350 1.2493 2.0000
9.9309 1.3699 2.0000
10.8323 0.1294 2.0000
9.5119 -0.3410 2.0000
10.7080 1.3947 2.0000
10.0214 -0.6191 2.0000
8.7886 1.8296 2.0000
11.4818 -1.1289 2.0000
11.6920 1.3446 2.0000
8.9358 -1.4544 2.0000
8.6033 1.8788 2.0000
11.5169 -0.4031 2.0000
10.1008 -1.3041 2.0000
10.2063 -0.3290 2.0000
8.8883 0.6413 2.0000
10.4243 -0.4453 2.0000
10.8493 0.2879 2.0000
8.1090 1.8417 2.0000
9.6653 -0.6743 2.0000
11.0583 -0.0656 2.0000
9.8986 -0.0645 2.0000
8.7069 -0.6434 2.0000
11.1439 0.4011 2.0000
9.1347 -0.6407 2.0000
10.1407 -0.1729 2.0000
8.4159 -1.5548 2.0000
10.0303 -0.7798 2.0000
13.4919 -0.6090 2.0000
9.9571 -0.5553 2.0000
11.1016 -0.5204 2.0000
11.7673 -0.6360 2.0000
10.2814 -0.3229 2.0000
9.0677 0.2965 2.0000
8.5270 -0.8305 2.0000
12.0333 0.6725 2.0000
11.1112 -1.6445 2.0000
9.9659 0.1799 2.0000
9.7274 2.3862 2.0000
10.2794 1.0553 2.0000
8.3506 1.3832 2.0000
9.1594 -0.6792 2.0000
10.1804 -1.0140 2.0000
9.1636 -1.0590 2.0000
10.3683 -0.8283 2.0000
9.5048 0.7712 2.0000
10.8955 -0.1311 2.0000
11.6777 -0.0109 2.0000
8.3279 -0.5494 2.0000
10.7143 -1.6454 2.0000
9.3482 0.0316 2.0000
9.9467 0.3883 2.0000
9.3828 0.2136 2.0000
9.0378 -0.1687 2.0000
10.5715 1.2780 2.0000
10.2020 0.1397 2.0000
9.4786 -0.4615 2.0000
8.8890 0.1766 2.0000
11.4336 -1.2587 2.0000
11.2023 -0.6129 2.0000
9.2589 1.2885 2.0000
9.4490 -0.8271 2.0000
10.0803 -1.8140 2.0000
8.4562 0.1904 2.0000
9.4091 -0.7608 2.0000
8.3285 2.5196 2.0000
11.2209 -1.7975 2.0000
8.5543 0.7151 2.0000
9.3050 -0.8003 2.0000
8.7988 0.6086 2.0000
10.7245 -0.5387 2.0000
10.1587 -1.5523 2.0000
11.8999 1.2815 2.0000
8.3341 -2.6297 2.0000
8.4424 -1.0199 2.0000
10.3577 0.0990 2.0000
10.1157 0.5040 2.0000
10.8714 0.9496 2.0000
8.9128 1.3183 2.0000
10.3582 0.2826 2.0000
9.2604 -1.4782 2.0000
9.1162 -2.3649 2.0000
9.9487 1.2329 2.0000
9.8942 -0.8209 2.0000
10.6428 -0.7994 2.0000
11.7396 -0.1816 2.0000
9.7535 0.2112 2.0000
10.8900 0.4500 2.0000
9.5959 0.8600 2.0000
9.7923 -0.2993 2.0000
9.3357 -0.2871 2.0000
10.3005 -0.3282 2.0000
9.0883 0.8652 2.0000
10.0166 0.0705 2.0000
9.7259 0.4084 2.0000
8.6422 -0.0141 2.0000
10.3268 1.0841 2.0000
10.2692 0.2020 2.0000
9.5050 -0.2669 2.0000
9.4504 0.4919 2.0000
8.6760 -1.7907 2.0000
9.1571 1.0040 2.0000
10.6651 -1.9626 2.0000
7.1925 -1.3968 2.0000
11.0925 0.6646 2.0000
8.8942 0.3716 2.0000
8.3579 -1.1531 2.0000
11.3986 0.7229 2.0000
9.4327 -0.3663 2.0000
12.0407 -0.4960 2.0000
8.2550 0.1841 2.0000
11.2406 0.8626 2.0000
10.5855 1.9337 2.0000
9.6079 0.7512 2.0000
10.4753 -1.0836 2.0000
10.7048 -0.5854 2.0000
10.3255 0.0457 2.0000
11.0203 -0.7311 2.0000
11.3433 0.2566 2.0000
8.5667 0.0178 2.0000
8.7360 -1.4590 2.0000
10.4026 1.4249 2.0000
7.1807 -1.1229 2.0000
10.0557 0.1379 2.0000
9.9114 -1.0151 2.0000
9.0292 -0.5778 2.0000
9.4374 0.1765 2.0000
9.9631 0.4095 2.0000
8.3214 -1.1673 2.0000
10.5471 0.8330 2.0000
9.5983 -0.7275 2.0000
10.2418 1.0989 2.0000
10.5696 -0.5930 2.0000
11.8822 0.1608 2.0000
10.1410 2.2666 2.0000
9.5634 -0.7258 2.0000
8.0166 1.2872 2.0000
9.1221 1.1194 2.0000
11.4787 -0.1804 2.0000
10.3103 0.5894 2.0000
9.3967 0.2132 2.0000
7.1358 -0.0724 2.0000
11.1582 -0.1065 2.0000
11.3948 0.1222 2.0000
9.0533 -0.1789 2.0000
10.2362 0.8047 2.0000
10.9819 -0.8605 2.0000
10.2255 -1.9441 2.0000
10.9278 1.1697 2.0000
9.2925 0.1524 2.0000
10.7118 0.0186 2.0000
8.6948 1.3487 2.0000
8.6581 0.7658 2.0000
10.2896 0.2737 2.0000
9.7880 0.9964 2.0000
9.8450 -0.7088 2.0000
9.4519 -1.6649 2.0000
9.6858 -0.4063 2.0000
9.1283 -1.1436 2.0000
8.9883 -0.9177 2.0000
10.6957 0.3432 2.0000
9.3283 0.0679 2.0000
9.7536 0.9169 2.0000
10.8432 -0.5955 2.0000
10.0116 0.3375 2.0000
9.0132 1.8189 2.0000
9.4559 -1.6411 2.0000
11.0157 1.3322 2.0000
10.0260 0.6426 2.0000
10.1808 0.0123 2.0000
9.4458 0.3232 2.0000
9.6609 1.3157 2.0000
9.4785 -0.4923 2.0000
10.3947 0.4674 2.0000
9.8569 2.2498 2.0000
10.5179 0.5545 2.0000
11.1513 0.4175 2.0000
8.1669 -0.6710 2.0000
8.4122 -0.4020 2.0000
9.0835 -1.0631 2.0000
9.1219 0.5129 2.0000
10.1183 -1.3727 2.0000
10.3977 -0.0783 2.0000
10.6189 0.4636 2.0000
9.5724 0.6499 2.0000
10.5797 -0.5465 2.0000
10.1334 -0.1699 2.0000
9.5715 -1.7391 2.0000
10.9267 -0.7111 2.0000
10.8439 0.5772 2.0000
12.7505 1.4611 2.0000
9.2221 -1.0284 2.0000
9.6709 1.1085 2.0000
9.8174 0.7628 2.0000
10.3098 -0.7454 2.0000
10.5952 0.5761 2.0000
9.3104 -1.1073 2.0000
11.5185 0.4626 2.0000
8.8400 0.0460 2.0000
9.8197 0.2388 2.0000
11.0522 1.7107 2.0000
10.2364 1.6177 2.0000
10.2486 0.8942 2.0000
9.9263 1.1030 2.0000
9.8176 0.2499 2.0000
8.5035 1.3748 2.0000
8.9726 0.9237 2.0000
11.2370 -0.0087 2.0000
8.7063 -0.0330 2.0000
10.6997 -0.5575 2.0000
12.4306 -0.0293 2.0000
9.5884 0.8670 2.0000
11.3210 -0.4383 2.0000
9.2751 -0.5735 2.0000
10.2460 0.9687 2.0000
9.4703 -0.2673 2.0000
11.6276 1.2289 2.0000
9.1429 -2.0374 2.0000
9.9492 -0.9045 2.0000
10.7664 -0.1989 2.0000
9.7847 0.8804 2.0000
7.7707 0.7317 2.0000
11.1430 -2.1559 2.0000
9.4351 -0.2604 2.0000
9.5790 -1.0418 2.0000
13.0899 0.0981 2.0000
13.5770 0.0186 2.0000
10.9761 -0.9533 2.0000
8.5667 0.6014 2.0000
9.2449 -0.6217 2.0000
9.5673 -0.1975 2.0000
11.4252 -2.3988 2.0000
11.0492 1.1179 2.0000
9.1803 0.4536 2.0000
10.2660 -0.2076 2.0000
7.7398 0.3278 2.0000
11.2094 1.7170 2.0000
9.7507 0.7856 2.0000
11.3355 -0.2840 2.0000
8.8820 0.4808 2.0000
9.5075 -0.5442 2.0000
11.3195 -0.3885 2.0000
9.0572 0.9477 2.0000
12.3615 2.4129 2.0000
9.8044 1.3978 2.0000
11.3247 0.7940 2.0000
9.5006 0.5004 2.0000
10.4055 -0.0362 2.0000
8.5201 -1.3041 2.0000
10.1972 -1.3760 2.0000
10.0521 -2.7566 2.0000
9.6567 -0.5010 2.0000
8.3691 -0.8541 2.0000
9.2502 0.0858 2.0000
10.2712 -0.3822 2.0000
9.7784 -0.2602 2.0000
11.1754 1.2197 2.0000
10.4290 -0.8110 2.0000
9.5194 1.1011 2.0000
9.0982 0.3680 2.0000
9.9267 -0.9995 2.0000
10.8373 1.0748 2.0000
9.6390 0.4508 2.0000
9.9757 0.0169 2.0000
11.3171 0.0151 2.0000
10.4426 1.5391 2.0000
11.6587 -0.0704 2.0000
8.8132 0.3798 2.0000
10.3662 -1.3450 2.0000
8.3468 1.9486 2.0000
9.6464 -0.0582 2.0000
9.5010 0.2519 2.0000
8.0327 -1.4546 2.0000
11.1765 -0.0430 2.0000
10.8885 0.5475 2.0000
10.1696 0.2545 2.0000
11.2433 0.7682 2.0000
11.1052 0.3300 2.0000
9.2395 1.3513 2.0000
10.2229 -0.3888 2.0000
8.0904 -0.3996 2.0000
9.8839 -0.5977 2.0000
9.2065 -1.4484 2.0000
8.2072 0.2330 2.0000
9.7945 0.2263 2.0000
11.6737 0.0094 2.0000
9.7674 -0.1345 2.0000
8.1175 -1.7993 2.0000
10.3832 -0.3698 2.0000
11.1352 1.4616 2.0000
9.7710 1.2432 2.0000
8.0010 0.5740 2.0000
9.9306 -0.5864 2.0000
8.5997 -0.8425 2.0000
9.2981 -0.0684 2.0000
9.1078 0.7283 2.0000
11.3486 1.3021 2.0000
9.0469 0.2734 2.0000
10.2177 0.6283 2.0000
11.6854 -0.3102 2.0000
9.0219 1.5869 2.0000
10.7850 0.6604 2.0000
8.8917 -0.1302 2.0000
9.6767 2.2253 2.0000
12.4141 -0.4097 2.0000
10.5134 0.1952 2.0000
10.5280 -1.6755 2.0000
10.4889 -0.3763 2.0000
11.7710 -0.6297 2.0000
9.3296 1.2409 2.0000
8.0657 -1.1476 2.0000
8.4542 0.2683 2.0000
9.4085 1.9485 2.0000
9.6856 0.9779 2.0000
10.7057 0.9558 2.0000
8.1887 -2.1002 2.0000
10.2641 0.5138 2.0000
8.0070 -1.5523 2.0000
